36.4784199999999998 -0.0105239912744682154 -0.00192794638223890442 0.691372220637768264 -0.000297491478620894641 -0.00400575434743354747 -0.000802991462144190507 0.999991610282626286
36.5826700000000002 -0.0206860106245138065 -0.0137276643649092318 1.39829603345568731 -0.000767320627724632194 -0.00777806418448193787 -0.000749645903062247983 0.999969175008718181
36.6869000000000014 -0.0434424359783247074 -0.00711288488877265083 2.12051027049265572 -0.000505065798753195059 -0.0103859033903060567 -0.00101311477412365414 0.999945424269625183
36.7911100000000033 -0.0583683869635870933 -0.00491616788333966957 2.86153522192844445 -0.000521938228084920528 -0.0126593020663510313 -0.00050451274116966149 0.999919604327554445
36.895150000000001 -0.0688950884241831818 0.00270503719925315432 3.61363935625365063 -0.000591685065975312017 -0.0143267650700317269 -0.000726617511267658024 0.999896927557237358
36.9994900000000015 -0.0960815233697491639 -0.00458855863554358256 4.38639812441289934 -0.000582721874941473459 -0.0148839860253418294 -0.000409787711621170626 0.999888973571188777
37.1035499999999985 -0.110964373290331875 -0.00718482490844453252 5.17142449103935498 -0.000223690369899939747 -0.0156541595046804233 -0.000594022569372333392 0.999877264663022292
37.207650000000001 -0.141723481154945263 -0.0129799209442586338 5.9737783389890815 0.000263049377897419149 -0.016203165911476379 -0.000154155479687324208 0.999868673604467961
37.3117799999999988 -0.192344396852942662 -0.0293748852844194358 6.79163341554433053 0.000336840052465384935 -0.0159418913136595147 -0.00130805604739582721 0.999872007623725523
37.4158899999999974 -0.214989784899076858 -0.0431974434525621009 7.62705573220035848 -0.000283192041954474761 -0.0167628815631420645 -0.000388705943313510786 0.999859377368466307
37.5200299999999984 -0.281282193884415888 -0.0659692800133561547 8.46980771243495845 -0.00194501346540020448 -0.016582289944607323 -9.49769760418931619e-05 0.999860608066037604
37.6241500000000002 -0.377506655220942289 -0.0759563737442104092 9.32642325886271806 -0.00312561896580844205 -0.0150433255182042657 -0.00105677078313936136 0.999881399016376293
37.7281499999999994 -0.382056092284123405 -0.0751928022379604044 10.1939032480638296 -0.00262134014421415906 -0.016332938997992489 -0.000492333658426760993 0.999863051266074665
37.8322799999999972 -0.40911637235925391 -0.0857607041168108042 11.0748363564827077 -0.00170656735519218272 -0.0166292799804957162 -0.00134707116944225323 0.999859360147444476
37.9362799999999964 -0.44754995941639808 -0.0808153832752669388 11.9683078285162452 -0.000747277861923070427 -0.0168833283170473948 -0.000787346020109864586 0.999856877201422467
38.0402800000000028 -0.493911651088003389 -0.0882329641217153293 12.8773602555954749 -0.000676433471566065324 -0.0170217956712949772 0.000552971421897708367 0.999854737015577588
38.144280000000002 -0.531323280312194113 -0.0998634467534109255 13.8000802673705376 -0.000374978548964441383 -0.017389698829953084 0.00178254529552371766 0.999847128464127155
38.2482800000000012 -0.568076682292053214 -0.112500497042666292 14.7307898451924277 0.000888088976683160873 -0.0181578000488204702 0.001786387516426999 0.999833143286917525
38.3522800000000004 -0.607634036779376663 -0.122918621158104382 15.6724313258501091 0.00316662455632288602 -0.0187829377066658781 0.00130266494963057582 0.999817721789354907
38.4561500000000009 -0.647759668460409999 -0.164161838642164964 16.6234903270868557 0.00385728309670970446 -0.0194181252175279553 -3.77398632228284964e-05 0.999804008971683866
38.5601500000000001 -0.686444117285069044 -0.186559890827511121 17.5899492586597503 0.00406384054611557376 -0.0196254482538681836 -0.00125458493139059377 0.999798356168632885
38.6641499999999994 -0.735758194928342713 -0.199663693033412359 18.5671440379188013 0.00347055837462308982 -0.0193748934739696385 -0.00221763293198891549 0.999803806169800358
38.7681499999999986 -0.763055255378855657 -0.217943757734879506 19.5536967826088812 0.00203354116347475005 -0.019635432903837232 -0.00227510744146524994 0.999802549692260567
38.8720300000000023 -0.815606078657028055 -0.24025858305746392 20.5366454243666325 0.00066960100960451025 -0.0194568919968866084 -0.00176338135532458189 0.999808917480987991
38.9760199999999983 -0.844633205727246095 -0.272900208504309127 21.5252289221777389 -0.00116360560243688039 -0.0204004598244215407 -0.000315852226337643544 0.99979116194249551
39.0799000000000021 -0.870590327921820673 -0.290275773611337273 22.512856472654363 -0.00170083015808867189 -0.0209244636113503149 0.000674168480173141429 0.999779385412707389
39.1839299999999966 -0.915554773017258072 -0.304838069906634368 23.5010023655603923 -0.00190185922503200008 -0.0209668475461352762 0.00111818642128058373 0.999777737246930642
39.2877799999999979 -0.962059649254208837 -0.31310581990108205 24.4885109956615352 -0.00195548825240552532 -0.0211952882425478564 0.000139961080233072597 0.999773432450025701
39.3917500000000018 -1.01598691914369788 -0.341073440668560379 25.4779169590477181 -0.00259043358943770704 -0.021099071793772628 0.000713466971019602889 0.999773779306169508
