6.692676000000000158e+01 -1.466573999999999955e+02 3.507397999999999794e+00 -7.999876999999999327e+01 -1.978533637856929456e-02 -9.994295708475452455e-01 -2.520555789209297584e-02 1.066551598502286057e-02
6.703161000000000058e+01 -1.466613000000000113e+02 3.513405000000000111e+00 -8.019576000000000704e+01 -1.963599682087423595e-02 -9.994797119407646813e-01 -2.386103565662432355e-02 9.240347669335258543e-03
6.713464999999999350e+01 -1.466636000000000024e+02 3.523785000000000167e+00 -8.038466999999999985e+01 -1.988354130113830290e-02 -9.995092127036316887e-01 -2.281690332857779641e-02 8.085012578032391845e-03
6.723847000000000662e+01 -1.466634999999999991e+02 3.531967999999999996e+00 -8.056987999999999772e+01 -2.030975994465581899e-02 -9.995113280079224172e-01 -2.271638603555304128e-02 6.970268309995630678e-03
6.734251999999999327e+01 -1.466557999999999993e+02 3.544429000000000052e+00 -8.074617000000000644e+01 -1.987979809586153460e-02 -9.995158106976271828e-01 -2.321513331078142034e-02 5.830555590643896925e-03
6.744647999999999399e+01 -1.466451999999999884e+02 3.553303000000000100e+00 -8.091147999999999740e+01 -1.891995057914282879e-02 -9.995357716850189478e-01 -2.342994175522669295e-02 4.616754429581676478e-03
6.755033000000000243e+01 -1.466314999999999884e+02 3.562075999999999798e+00 -8.106158999999999537e+01 -1.802978040990161832e-02 -9.995653037986397260e-01 -2.310011474070518961e-02 3.242708631661398062e-03
6.765429000000000315e+01 -1.466263999999999896e+02 3.568354999999999944e+00 -8.120216999999999530e+01 -1.832635370263775362e-02 -9.995740286243246508e-01 -2.266925880423216466e-02 1.418014446460235745e-03
6.775821000000000538e+01 -1.466236000000000104e+02 3.574643000000000015e+00 -8.133490000000000464e+01 1.894251314491510532e-02 9.995714027347643027e-01 2.230210124463759269e-02 8.990610018576233658e-04
6.786218999999999824e+01 -1.466171999999999969e+02 3.580245999999999817e+00 -8.146093000000000472e+01 1.914584360740713073e-02 9.995668071315909620e-01 2.206178766780025544e-02 3.593365862037539282e-03
6.796608000000000516e+01 -1.466064000000000078e+02 3.586431999999999842e+00 -8.158004999999999995e+01 1.857697502540602702e-02 9.995608819700166903e-01 2.203292272785185163e-02 6.891266233228371570e-03
6.807018999999999664e+01 -1.465910000000000082e+02 3.591610999999999887e+00 -8.169181000000000381e+01 1.757420981787396683e-02 9.995470750539501292e-01 2.192486797835943926e-02 1.077460275376445134e-02
6.817398000000000025e+01 -1.465742999999999938e+02 3.595944999999999947e+00 -8.179610999999999876e+01 1.654796074237887063e-02 9.995126136444663079e-01 2.204391214671704707e-02 1.465490014105480694e-02
6.827792999999999779e+01 -1.465543999999999869e+02 3.599009000000000125e+00 -8.188799000000000206e+01 1.588596561996276357e-02 9.994546984570472636e-01 2.254107522389025078e-02 1.816154608517939889e-02
6.838179999999999836e+01 -1.465371000000000095e+02 3.601598000000000077e+00 -8.196407000000000664e+01 1.519855276421806616e-02 9.993964609914937069e-01 2.279552805371232518e-02 2.135606827818438413e-02
6.848592999999999620e+01 -1.465218000000000131e+02 3.605125000000000135e+00 -8.202535000000000309e+01 1.483102684342299873e-02 9.993455276929735787e-01 2.288946322404433742e-02 2.376193165836651411e-02
6.858997999999999706e+01 -1.465098000000000127e+02 3.607874999999999943e+00 -8.207268000000000541e+01 1.490433474731804077e-02 9.993019055553493679e-01 2.247863756768498852e-02 2.585098087670895453e-02
6.869396999999999309e+01 -1.464987999999999886e+02 3.610892999999999908e+00 -8.210813000000000272e+01 1.484055359401910239e-02 9.992647743239962965e-01 2.226054675871710908e-02 2.746155170848989940e-02
6.879797000000000651e+01 -1.464896999999999991e+02 3.612360999999999933e+00 -8.213307000000000357e+01 1.496058713220166890e-02 9.992316544132235911e-01 2.229065266429483202e-02 2.855535772972278216e-02
6.890206000000000586e+01 -1.464813000000000045e+02 3.614901000000000142e+00 -8.214790000000000703e+01 1.473269906584606312e-02 9.992140824255592024e-01 2.196529566212495829e-02 2.952441103830186556e-02
