81.0696800000000053 -0.30421897135624143 -0.00343643542272888125 9.98885386418241161 5.99501573399778185e-05 -0.0242884247212730789 -0.0125454871554621979 0.999626269954211333
81.1737899999999968 -0.382221651591686751 -0.0232755569140165562 11.0992511153423461 -0.000405598682966864718 -0.02678533952378815 -0.012296148020287806 0.999565498514312978
81.2778100000000023 -0.482501283639342415 -0.0507606209285073884 12.2205858436249066 -0.0022091383405281528 -0.0285615440727553724 -0.0117945813863858349 0.999520007682633826
81.3818100000000015 -0.537079880481663552 -0.0809754464036561705 13.3630792587977041 -0.00436829341347801103 -0.031234256931336201 -0.0103586741165207826 0.999448866664597757
81.4859299999999962 -0.55073790590497973 -0.057275548887528123 14.5230482558899876 -0.00477093944549638379 -0.0347196174938590035 -0.0105548012021094845 0.999329966762466104
81.5899299999999954 -0.666475346998035456 -0.0424604041792479847 15.6903099317367136 -0.00430620693790586661 -0.034660041294390917 -0.0114594523577042709 0.99932418116992483
81.6940500000000043 -0.82034421706507632 -0.0825308336397442832 16.8662736324108096 -0.00347095476869477976 -0.0338136438794160166 -0.010006233896851565 0.999372035452159024
81.7980600000000067 -0.96139207307315222 -0.0859889870663911871 18.0584748465128619 -0.003391172346347024 -0.0313531648169011606 -0.0106246860797102743 0.999446144147742022
81.9021800000000013 -1.03815026431080759 -0.0843830326677826037 19.2623279945659718 -0.00465204366860468097 -0.0307256999600196805 -0.0109093403691678734 0.999457490914136826
82.0061800000000005 -1.07301145958221111 -0.0822937021907641092 20.472778207332869 -0.0054133218171663524 -0.0306106501179393038 -0.0105765437353145097 0.9994607649972439
82.1101799999999997 -1.11486091216308414 -0.10070991605036371 21.676493960028143 -0.0063553750909373808 -0.0309034336462160955 -0.00985289700936239736 0.999453604434368148
82.2141799999999989 -1.16151700816723769 -0.0576509876361407519 22.8739323750998587 -0.00609368955613307211 -0.0301362180997003376 -0.0131628714805844451 0.999440550568480024
82.3181799999999981 -1.26474218764206991 -0.0542262474112977788 24.067617752732005 -0.00588769525671451691 -0.0282698713331542145 -0.0146998454131606979 0.999474894114004364
82.4222000000000037 -1.2859717225964431 -0.0273164570599781359 25.2594302860160269 -0.00469861591823651781 -0.027785552491297074 -0.0182144693329692638 0.999436901053850746
82.5261799999999965 -1.35674643472781087 -0.0354808551465404381 26.4492004069228308 -0.0037157715347898284 -0.0269998811980849268 -0.0193382379897788607 0.999441460020866534
82.6301799999999957 -1.49219125420767762 -0.0732130909302461386 27.6335799136531826 -0.00401517617195139374 -0.0253187660820522603 -0.0192959016065980989 0.999485120762474866
82.7340499999999963 -1.57518941153273451 -0.0855985441738607439 28.8236176643189346 -0.00465410977800571196 -0.0242497184457213938 -0.018665675370028157 0.999520826686697061
82.8380700000000019 -1.64328712109868902 -0.101706146033095607 30.012896606893058 -0.00585711181475461525 -0.0235148207548056647 -0.0192060892560946168 0.999521822463894871
82.9420599999999979 -1.66983984180939737 -0.0434985757006765283 31.1984543063998458 -0.0040293670391708886 -0.0227140942140845944 -0.0229648141510410964 0.999470085313365231
83.0460499999999939 -1.71565631368298321 -0.0664966001342374435 32.3783753906394693 -0.00334194392941898318 -0.0228758267056424977 -0.022653417631237148 0.999476038048402016
