80.1316800000000029 -0.0341194678057194709 -0.00445178027658402285 0.900387235398760866 2.78586159593831185e-05 -0.00594802429402576521 -0.00214097306833212426 0.999980018032968432
80.2359299999999962 -0.109674347354710655 -0.0246983577313197832 1.81857030400636721 -0.000321071926548563977 -0.00922774999516601767 -0.00402750583276986329 0.999949261082586971
80.3402999999999992 -0.125295313372256023 -0.00313014827247577992 2.79313842342073748 -7.06433830450686263e-05 -0.0125108312605446397 -0.00793681957414608084 0.999890234478630235
80.4445500000000067 -0.155419098199820305 -0.00793234806176003858 3.79664675546211772 -5.82472953325441798e-05 -0.013602430140311329 -0.00991137036209002037 0.999858357588251589
80.5489400000000018 -0.19106911785595776 -0.012791918334748879 4.78547577774062471 -0.000215384698471011873 -0.0145753179754737165 -0.00935280284751085524 0.999850008148342795
80.6531899999999951 -0.214052680469803025 -0.0209841012558261084 5.80015260003655531 -0.000920143573531193352 -0.015762004116671946 -0.00893607550399896922 0.99983541601436432
80.7573200000000071 -0.276888472044316103 0.033079256148713744 6.83527244986476301 -0.000215349954696238068 -0.0164466253336405487 -0.01064554470483523 0.999808048836109964
80.8614299999999986 -0.267273055791159786 0.0303290440408902073 7.89100680037517144 -5.65797209059883084e-05 -0.0193667642924232122 -0.011267380232501888 0.999748954179134564
80.9655499999999932 -0.34009466673722244 0.0483733110582620571 8.96548019893654136 0.000582814661498325267 -0.0212731784468962633 -0.0116630962646850911 0.999705498830209316
81.0696800000000053 -0.396295845411361425 0.024386521597067834 10.0593249208065991 0.000786364168482551812 -0.0235705179982250469 -0.0103749544916334549 0.999668031214355879
81.1737899999999968 -0.472632142669792032 0.00269412455241657342 11.1698033194620301 0.000326415158931200866 -0.0260686574714995255 -0.0101271227369238038 0.999608803450554362
81.2778100000000023 -0.571196155018268037 -0.026756530964478286 12.2912402550760707 -0.0014729083215916964 -0.0278491774850219247 -0.0096255897605790116 0.999564706197775377
81.3818100000000015 -0.624017589879324874 -0.0587657068692683665 13.4337673975554477 -0.00362523936930327084 -0.0305276371067094883 -0.00819013448335806533 0.999493793232024474
81.4859299999999962 -0.63612991008849229 -0.0367054215578653184 14.5937859045315861 -0.00402047878600862198 -0.0340138191065646814 -0.00838861401507484152 0.999378070109117056
81.5899299999999954 -0.750271327413774225 -0.0239865096671328173 15.7612294491260538 -0.00355652368086583964 -0.0339526130208408009 -0.00929356425471322516 0.99937390443807772
81.6940500000000043 -0.902291279751328945 -0.0663313396803011657 16.9373539082112359 -0.00272206219149021857 -0.0331053483352090755 -0.00784026020502845249 0.999417408598103019
81.7980600000000067 -1.04162744159370924 -0.072030274415247092 18.1297477808732523 -0.00264805152129134105 -0.0306442271731742454 -0.008456925962541351 0.999491070278951343
81.9021800000000013 -1.11668020703834614 -0.0723996372621737577 19.3337094692417786 -0.00391048625818756889 -0.0300193205172288348 -0.00874023193345255071 0.999503455140930419
82.0061800000000005 -1.14982915481382886 -0.0721112370583237572 20.5442095518158041 -0.00467177561361551037 -0.029906161417965902 -0.00840681052285275482 0.99950643897810465
82.1101799999999997 -1.18988615166456269 -0.0923495814780879304 21.7479570308658907 -0.00561267711051315933 -0.0302015041683332403 -0.00768271304853492508 0.999498545732727561
82.2141799999999989 -1.23502761275552619 -0.0511259191149199196 22.9455180851140383 -0.00535502797949516472 -0.0294314687220351943 -0.0109923686276204007 0.99949201105169283
82.3181799999999981 -1.33656949992064678 -0.0497785105377377829 24.1393519835006956 -0.00515418461927262799 -0.0275636033881507016 -0.0125281354829984079 0.999528252712493792
82.4222000000000037 -1.3562220172861037 -0.0245848680882207113 25.3312290759080199 -0.00396868759435134531 -0.0270743127915132227 -0.0160433454453669661 0.999496794478384687
82.5261799999999965 -1.42526864604602466 -0.0346791146478269974 26.5210859274322956 -0.00298835913568516959 -0.0262857232378876302 -0.0171672619684361677 0.999502584078722833
82.6301799999999957 -1.55886300645702458 -0.0746165970062609984 27.7056032895141051 -0.00329138124738003 -0.0246052659552537661 -0.0171234705403956813 0.999545163788714386
82.7340499999999963 -1.64011410394072632 -0.0889857186347313284 28.895739302364035 -0.00393218056285318286 -0.0235380240925782205 -0.0164919851822779608 0.999579168351654834
82.8380700000000019 -1.70644970623087033 -0.107010699902153311 30.0850903203797948 -0.00513716973857333403 -0.0228053911033940064 -0.0170310403988515463 0.999581646133336665
82.9420599999999979 -1.73157117028147955 -0.0505343873909929325 31.2707629418272433 -0.00331388393999591628 -0.0219981395309703405 -0.0207906178548497404 0.99953631761913575
83.0460499999999939 -1.77560893084797367 -0.0753394548547286769 32.4507151474391549 -0.00262588397905450356 -0.0221585758048088721 -0.0204798072422127247 0.999541234640649034
