1.14212699999999989 -0.0387118366947711151 -0.00241004050751304766 0.177494582124383654 0.000727893455572208178 -0.0121102293117677905 -0.0020918517979618698 0.999924215464946697
1.24587300000000001 0.0571129005806428891 0.010631342343057992 0.339634388217628924 0.00317629680937150547 -0.0327653428693056512 -0.00366071879186717197 0.999451320767131057
1.34962699999999991 0.0126702361816221076 0.0070825884353287686 0.531387925873070488 0.00379749242644642155 -0.0466272717389062466 -0.00505168645086127074 0.998892365095188639
1.45325299999999991 -0.0365442456660201309 0.0160991752506459695 0.730025742880633155 0.00415244910157366691 -0.0613371683822275457 -0.00519449547108936927 0.998094948468385978
1.55699699999999996 -0.0950867489781133113 0.00672924970101070399 0.933542739383687037 0.00399449683807801686 -0.0772511058706698145 -0.00626269422493012321 0.996983996510382386
1.66077199999999991 -0.170789025558870045 -0.00493849754596282359 1.13842491567475657 0.00340314771910689342 -0.0936923762600671006 -0.0074352569241246105 0.995567614062860207
1.76437400000000011 -0.238085682613029537 -0.00776993940031697403 1.35109875102248411 0.00313678665594804189 -0.111565712652446136 -0.00865440923330345821 0.993714422523216401
1.86800199999999994 -0.320816660848335211 -0.00823363320412972416 1.55942399306515478 0.00331400256533291191 -0.129407884009906798 -0.00989779996080499859 0.9915365099173159
1.97174999999999989 -0.429404115523398966 -0.00782371398522953114 1.76397556925710064 0.00344824574767787703 -0.146962734278488244 -0.0114590416259461453 0.989069640975633768
2.07549800000000007 -0.540069158578250663 -0.00735374252272208602 1.97061304012147365 0.00345409315490101789 -0.165724600265202832 -0.011810927358962147 0.986095293621431557
2.17912600000000012 -0.657141483057561482 -0.00606073983184238219 2.17592545176142416 0.00375500996832252775 -0.185559840102020285 -0.00943152438531195958 0.982580526974364488
2.28287500000000021 -0.78425087304872676 -0.00910368716116123633 2.38163972295823445 0.00379080885190224417 -0.206684091061734326 -0.0067023568644164512 0.97837742956524465
2.38650399999999996 -0.913623911823222445 -0.0153543045125080369 2.5970010575668776 0.00225278127508827175 -0.230659455427616178 -0.00697082626414823048 0.973006962040640855
2.49014399999999991 -1.06792356726865911 -0.0236499122168289597 2.81013106493618148 0.00129453578996948011 -0.255836719188321848 -0.0098741559894838949 0.966668711780586998
2.59362000000000004 -1.27396064290190458 -0.0339759791172746586 2.98076992926713524 0.00102871188731760966 -0.279776746442848889 -0.0121388116955545352 0.959987793230896558
2.69732899999999987 -1.47655252985562635 -0.0315813184436269379 3.1661633427501128 0.00114036222009638601 -0.305269685320975759 -0.0119305586936483844 0.952190516948838828
2.80088999999999988 -1.67072572784099438 -0.0244512646396261198 3.37064883874622767 0.000295818463966348189 -0.332510313492603349 -0.00918596658265920588 0.943054835060204377
2.90464099999999981 -1.9017300617866093 -0.0302547516790643498 3.55231821622517918 -0.000830114009365337784 -0.359434863184382947 -0.00700742013856816334 0.933143497057851823
3.00824800000000003 -2.14215927889796864 -0.0337457110916717096 3.73806666874860838 -0.00223509669987790238 -0.386978811988523574 -0.00659292599484403215 0.922062328013415589
3.1120009999999998 -2.41056464473301979 -0.0375865981391970416 3.9073912201746448 -0.0040234941266768633 -0.413631264719629133 -0.00594614255072880519 0.910416185999688432
3.21575100000000003 -2.69461016821339605 -0.0360037113591365684 4.06875001114484469 -0.00495005219343833732 -0.440980085994582771 -0.00589959274375318095 0.89748384695489114
3.31937399999999982 -3.00052157219671223 -0.0242643596482289073 4.21027928401695828 -0.00549774487230130383 -0.467625855712963556 -0.00633543446391251954 0.883886698700795725
3.42312599999999989 -3.32422474179804084 -0.0190840591484500929 4.35241163691583655 -0.00633910205221307164 -0.493979223463603234 -0.00727810709374738293 0.869420135336535171
3.52689299999999983 -3.66837099874842609 -0.00812754293041042727 4.47699756531654103 -0.00678890575559804119 -0.519876521930875746 -0.00805760806792230576 0.854176438246760039
