1.55699699999999996 -0.22959861562887926 -0.00293650493761417764 0.899835817894443002 0.00251819510309176427 -0.0691507866684722694 -0.00599322150437965519 0.997585038326334272
1.66077199999999991 -0.294900015520558001 -0.00222283962595496744 1.09327459229964141 0.00223364158709452596 -0.0856678858569476093 -0.00654409862166659747 0.996299753563801405
1.76437400000000011 -0.368605404394375891 0.00107823829893999301 1.28649537696127814 0.00212048501420632196 -0.103191465277517408 -0.00727508735946457482 0.994632644819732237
1.86800199999999994 -0.450437276816141763 0.000541474285699695794 1.47875502398417979 0.00221767323087111116 -0.12077684387632702 -0.00827420819090519087 0.99264272192341596
1.97174999999999989 -0.542558355804000914 0.00206914205695166512 1.6702903189188707 0.00230408116217846719 -0.138455747331385937 -0.00941775527700799107 0.990321161606904199
2.07549800000000007 -0.658943985303738766 0.0031841782395715312 1.89792249525209789 0.00243742919707594244 -0.15741572899915246 -0.010157539937010027 0.987477175222294834
2.17912600000000012 -0.769282789218626584 0.00532271748806845829 2.11177403475696313 0.00281934961255174334 -0.177570597232034777 -0.00796199647849366206 0.984071816931313847
2.28287500000000021 -0.887701650701540612 0.00240172815204073818 2.33055832528273354 0.00282036163322963536 -0.199143763017821412 -0.00551530227442737723 0.979950707256330045
2.38650399999999996 -1.02701802587572866 -0.000146744115748944585 2.55002502391920327 0.00169061101953664342 -0.222671165591596387 -0.00603362389499869853 0.974873473447274708
2.49014399999999991 -1.17322454166032641 -0.00183099570554604539 2.78484261866534677 0.000969500537679923464 -0.249214746923589248 -0.00905428747151832206 0.968405436716926915
2.59362000000000004 -1.35410769582175083 -0.0165893380623748539 3.00142323593106752 0.000170845365451181559 -0.275545827027673829 -0.0104202104217692992 0.961231443115685091
2.69732899999999987 -1.55506018288985026 -0.0143041520035781348 3.18859374826648789 0.000329630931231882432 -0.301072500293046164 -0.0101916221048664359 0.953546732860857005
2.80088999999999988 -1.77054042775182419 -0.00693654707718958582 3.37948842063174126 -0.000364825760443348744 -0.327330765576841043 -0.00741609057178534408 0.944880647706193066
2.90464099999999981 -2.00702809209637323 -0.000422797496650091642 3.56483533158200849 -0.000859967986645445793 -0.353618451750036811 -0.00512962073651954727 0.935375292611510201
3.00824800000000003 -2.24511039297190207 -0.00450505072507319422 3.75357069146892375 -0.00220675602482010326 -0.381233058125172941 -0.00470761380827824927 0.924464344359806955
3.1120009999999998 -2.51136991754033989 -0.00905708827721149121 3.92623261856549455 -0.00393669238143443644 -0.407960226444138541 -0.00405251183136236086 0.912982219564323128
3.21575100000000003 -2.79818212884420126 -0.00266447243812908963 4.09200124082494199 -0.00467746032303401581 -0.435011174225987729 -0.00361342253323813749 0.900405654602996153
3.31937399999999982 -3.10503199394042007 0.00347962753964843607 4.23148635910073168 -0.00533538377122348435 -0.461220881174038366 -0.00364791625176069971 0.887261813196126181
3.42312599999999989 -3.42666152158751158 0.00739142626672640007 4.37829006491231265 -0.00610406619023308884 -0.487681437742340351 -0.0045919418323028989 0.872988241460168735
3.52689299999999983 -3.7690144313162568 0.0169424013984831104 4.50783391482559992 -0.00648031578868288067 -0.513690448989671977 -0.00537801573754125625 0.857934266171246351
