7.223197000000000401e+01 -1.464878999999999962e+02 3.738182999999999812e+00 -8.213326000000000704e+01 1.599556846411089375e-02 9.991334128822598748e-01 2.103933443967865788e-02 3.215449359098030563e-02
7.233512000000000342e+01 -1.464881000000000029e+02 3.739742999999999817e+00 -8.213251999999999953e+01 1.598708589425707968e-02 9.991314588780285666e-01 2.099847136970447656e-02 3.224601006338425474e-02
7.243919999999999959e+01 -1.464886999999999944e+02 3.743961999999999790e+00 -8.213297000000000025e+01 1.601564458328049237e-02 9.991296200801740302e-01 2.100556320346373337e-02 3.228417137754052701e-02
7.254318999999999562e+01 -1.464886999999999944e+02 3.746808000000000138e+00 -8.213315000000000055e+01 1.601321904974522051e-02 9.991279491618453301e-01 2.102660619386018115e-02 3.232336386081122170e-02
7.264719999999999800e+01 -1.464890000000000043e+02 3.749734000000000123e+00 -8.213345999999999947e+01 1.603960408955226388e-02 9.991249258437698844e-01 2.105929400332824317e-02 3.238239945422783511e-02
7.275119999999999720e+01 -1.464884999999999877e+02 3.751968999999999888e+00 -8.213324000000000069e+01 1.606031118783987632e-02 9.991204307392067552e-01 2.106701038699468342e-02 3.250557425129427247e-02
7.285518000000000427e+01 -1.464861999999999966e+02 3.756727000000000150e+00 -8.213357999999999493e+01 1.607432859513694204e-02 9.991165238853150221e-01 2.105464447534750871e-02 3.262651690813490185e-02
7.295920999999999879e+01 -1.464847000000000037e+02 3.760390000000000121e+00 -8.213348000000000582e+01 1.607290751228094769e-02 9.991135862588944594e-01 2.109600276628087467e-02 3.269039712633176054e-02
7.306329999999999814e+01 -1.464850000000000136e+02 3.762685999999999975e+00 -8.213362999999999658e+01 1.613894117625775185e-02 9.991123075379916285e-01 2.109823918474607388e-02 3.269550132850287949e-02
7.316746000000000549e+01 -1.464853999999999985e+02 3.763250999999999902e+00 -8.213382000000000005e+01 1.617655525049031123e-02 9.991091987920042161e-01 2.109959057132173091e-02 3.277095096499984400e-02
7.327173000000000513e+01 -1.464849000000000103e+02 3.763443999999999789e+00 -8.213351000000000113e+01 1.613484472236455247e-02 9.991100718739032160e-01 2.111468689769426324e-02 3.275516849478007225e-02
7.337530999999999892e+01 -1.464850999999999885e+02 3.764353999999999978e+00 -8.213339000000000567e+01 1.614859425954592864e-02 9.991095679618444692e-01 2.112011908045167280e-02 3.276026069133957525e-02
7.347943999999999676e+01 -1.464850999999999885e+02 3.765829000000000093e+00 -8.213303999999999405e+01 1.616557465006548261e-02 9.991092479954747363e-01 2.115213195922505465e-02 3.274098470923297172e-02
7.358346000000000231e+01 -1.464800999999999931e+02 3.769760000000000222e+00 -8.213366999999999507e+01 1.611214818622765110e-02 9.991085604524290176e-01 2.115096110089226267e-02 3.278902188245225169e-02
7.368760000000000332e+01 -1.464764000000000124e+02 3.772635999999999878e+00 -8.213276000000000465e+01 1.607781371933320394e-02 9.991067840460177152e-01 2.118421816978183908e-02 3.283849691697512257e-02
7.379156000000000404e+01 -1.464732999999999947e+02 3.773749000000000020e+00 -8.213226000000000226e+01 1.608995868438754459e-02 9.991073042757259159e-01 2.113527503794055892e-02 3.284825598867448238e-02
7.389566000000000656e+01 -1.464721000000000117e+02 3.774659999999999904e+00 -8.213188999999999851e+01 1.610590336292453545e-02 9.991063250360062709e-01 2.114959081233507010e-02 3.286100969813107037e-02
7.399956000000000245e+01 -1.464755000000000109e+02 3.775065999999999811e+00 -8.213281000000000631e+01 1.610040297735716719e-02 9.991082116791960566e-01 2.116089582031619246e-02 3.279900710764740990e-02
7.410367999999999711e+01 -1.464771000000000072e+02 3.775151000000000145e+00 -8.213308000000000675e+01 1.610632883813847491e-02 9.991085249379219047e-01 2.116855720361082022e-02 3.278160694116298568e-02
7.420770000000000266e+01 -1.464774999999999920e+02 3.776019999999999932e+00 -8.213321999999999434e+01 1.613777720998903209e-02 9.991073917582490305e-01 2.116837325948637064e-02 3.280079045232319607e-02
