20.7915300000000016 -0.0163284524631708318 -0.0570960059933375008 8.51265903799493096 -0.00591736178944656487 -0.00108664148396303865 0.00329137769126618736 0.999976485159841944
20.895389999999999 -0.0271257114710727679 -0.0496478911017646934 9.38537557761984864 -0.00567574102761256045 -5.94243270722012579e-05 0.00427813736828121152 0.999974739667555346
20.9992599999999996 -0.0272691687866629603 -0.05444521095009347 10.2648478038646349 -0.0069316900292198478 0.000479175678473872332 0.00535409901868890477 0.999961527103771175
21.1032699999999984 -0.0218707840518823568 -0.0663357550222868075 11.144307323693651 -0.00833429494396097266 0.000924369842123735734 0.00660570053813426625 0.999943023271117504
21.207139999999999 0.00385103064402967515 -0.0766078359259956265 12.0194486634116924 -0.00865401748999577482 0.000797356332635854341 0.0068650564362368223 0.999938669721442963
21.311119999999999 -0.139474073484785605 -0.102881395562251926 12.8770751786354918 -0.00767181123366527089 0.0047359041087134332 0.00579597586684332117 0.999942558944472148
21.4150400000000012 -0.126106182319260879 -0.0972639412096953787 13.7380342072521575 -0.00477479164608368787 0.00487902127159366584 0.00563563262812722798 0.999960817312882777
21.5190100000000015 -0.171745022072178594 -0.141078371817429521 14.5972534084322323 -0.00295749510444575812 0.00669845333961857897 0.00451100455217715284 0.999963016707865249
21.6229000000000013 -0.211661663963524149 -0.162467229750379388 15.4514349516165836 -0.000388782639893772198 0.00857459599843365949 0.00129015569000664999 0.999962329615380119
21.7268900000000009 -0.180348148847062406 -0.259221630440023887 16.3015699088218078 -0.00224826038778508895 0.00852034022932555632 -4.83660140556411021e-05 0.999961172640385088
21.8307600000000015 -0.148574865805608497 -0.235736683203156883 17.1546873199631271 -0.00423441390388208053 0.00823089934090846798 0.00180646479680868005 0.999955528371071267
21.9346400000000017 -0.174207611943864804 -0.230209907518273887 18.0132055782636122 -0.00834872750778340757 0.00880027694324957144 0.00288476324862735377 0.999922262986339461
22.0386600000000001 -0.16179596997408846 -0.217206378028544783 18.8668303235235193 -0.0117951981724726887 0.00804668537759197465 0.00463876331013315848 0.999887296663708347
22.1426200000000009 -0.156016098647868667 -0.221393288735203364 19.7043675521956203 -0.0106467306449964331 0.00716420343309921194 0.00466444587107308923 0.999906777785038225
22.2465399999999995 -0.114146292725030171 -0.212900495860592481 20.5349773561016562 -0.00882760834937349435 0.0057076188383812787 0.00718789607691725559 0.999918911996374504
22.3503900000000009 -0.165069191325745906 -0.228303680840981377 21.3655765480469597 -0.00775636416500104578 0.00634797294003328245 0.00608234324591404741 0.999931271215742767
22.4543900000000001 -0.130762210446034144 -0.219392039740373912 22.1996451224025257 -0.00640998681699494945 0.00354376169604842623 0.006759678442112344 0.999950329051101816
22.55837 -0.128744947953140371 -0.224113698047882864 23.0214001708264107 -0.00491668781884381598 0.00230346006459461721 0.00619015420263535447 0.999966100547198811
22.6622699999999995 -0.139278121870583693 -0.233380918917012903 23.8389161749687304 -0.00310337193191854207 0.000507136923704033446 0.00589082723428151819 0.999977704776105814
22.76614 -0.160659414540860579 -0.249646483309090617 24.6508670496019171 -0.00115602147267533629 -0.000296635402230118253 0.00433923635306972862 0.999989873273557262
