73.1674600000000055 0.177056731885217866 -0.0494896751663172069 0.295901473092327616 0.00197716041416786184 -0.00895605003137645538 -0.000173086666277000317 0.999957924137580001
73.2717300000000051 0.177056731885217866 -0.0494896751663172069 0.295901473092327616 0.00197716041416786184 -0.00895605003137645538 -0.000173086666277000317 0.999957924137580001
73.3753099999999989 0.177056731885217866 -0.0494896751663172069 0.295901473092327616 0.00197716041416786184 -0.00895605003137645538 -0.000173086666277000317 0.999957924137580001
73.4794399999999968 0.177056731885217866 -0.0494896751663172069 0.295901473092327616 0.00197716041416786184 -0.00895605003137645538 -0.000173086666277000317 0.999957924137580001
73.5834600000000023 0.177056731885217866 -0.0494896751663172069 0.295901473092327616 0.00197716041416786184 -0.00895605003137645538 -0.000173086666277000317 0.999957924137580001
73.6876000000000033 0.177056731885217866 -0.0494896751663172069 0.295901473092327616 0.00197716041416786184 -0.00895605003137645538 -0.000173086666277000317 0.999957924137580001
73.791560000000004 0.177056731885217866 -0.0494896751663172069 0.295901473092327616 0.00197716041416786184 -0.00895605003137645538 -0.000173086666277000317 0.999957924137580001
73.8956600000000066 0.177056731885217866 -0.0494896751663172069 0.295901473092327616 0.00197716041416786184 -0.00895605003137645538 -0.000173086666277000317 0.999957924137580001
73.9995600000000024 0.177056731885217866 -0.0494896751663172069 0.295901473092327616 0.00197716041416786184 -0.00895605003137645538 -0.000173086666277000317 0.999957924137580001
74.1036799999999971 0.177056731885217866 -0.0494896751663172069 0.295901473092327616 0.00197716041416786184 -0.00895605003137645538 -0.000173086666277000317 0.999957924137580001
74.2077000000000027 0.177056731885217866 -0.0494896751663172069 0.295901473092327616 0.00197716041416786184 -0.00895605003137645538 -0.000173086666277000317 0.999957924137580001
74.311710000000005 0.177056731885217866 -0.0494896751663172069 0.295901473092327616 0.00197716041416786184 -0.00895605003137645538 -0.000173086666277000317 0.999957924137580001
