1.133936999999999955e+02 -1.634967000000000059e+00 -1.888051000000000035e-01 9.405471999999999611e+00 -8.330701416399877504e-03 -9.325394135597997458e-02 -1.235593092718923619e-02 9.955308296614469032e-01
1.134976999999999947e+02 -1.635852000000000084e+00 -1.890361000000000125e-01 9.404837999999999809e+00 -8.119561149405223402e-03 -9.337477352830292343e-02 -1.229085788822339986e-02 9.955220536018530852e-01
1.136016999999999939e+02 -1.636806999999999901e+00 -1.924645000000000106e-01 9.386955999999999634e+00 -6.956298865669025694e-03 -9.357487927277352568e-02 -1.254601805312672951e-02 9.955088896168573509e-01
1.137056999999999931e+02 -1.637558000000000069e+00 -1.977199000000000040e-01 9.378778000000000503e+00 -4.483878224229624621e-03 -9.339683068449822212e-02 -1.264487167515442913e-02 9.955385648353759498e-01
1.138097000000000065e+02 -1.640331999999999901e+00 -1.993791000000000035e-01 9.376167000000000584e+00 -2.989835529492840781e-03 -9.355389703036143256e-02 -1.246331991296564627e-02 9.955317146583960719e-01
1.139136000000000024e+02 -1.641127000000000002e+00 -1.963128000000000095e-01 9.372464000000000794e+00 -3.242238500628058257e-03 -9.355305459009255475e-02 -1.230665956206347493e-02 9.955329527427968506e-01
1.140176000000000016e+02 -1.643107000000000095e+00 -1.932541999999999871e-01 9.369583999999999691e+00 -3.650327746716944440e-03 -9.343178629756687670e-02 -1.227101712528125624e-02 9.955433684954660967e-01
1.141216000000000008e+02 -1.643540000000000001e+00 -1.932833999999999941e-01 9.371050000000000324e+00 -3.887093487495600196e-03 -9.360272678452907780e-02 -1.227871399292652758e-02 9.955263197050094881e-01
1.142256000000000000e+02 -1.643726000000000020e+00 -1.924916000000000127e-01 9.370281000000000304e+00 -4.225190067307344789e-03 -9.353419250561556542e-02 -1.247308761246638739e-02 9.955289672765070819e-01
1.143295999999999992e+02 -1.643555000000000099e+00 -1.910779999999999978e-01 9.367452999999999363e+00 -4.167159542592369613e-03 -9.354697483632889998e-02 -1.250305312391598346e-02 9.955276349468649144e-01
