1.122483000000000004e+02 -1.229340000000000099e+00 -1.749966000000000022e-01 7.289411000000000307e+00 -7.441615321471918044e-03 -1.325577247234791534e-01 -1.772678272825973025e-02 9.909888158559845284e-01
1.123525000000000063e+02 -1.312861999999999973e+00 -1.762269999999999948e-01 7.617633999999999794e+00 -7.365077500104640247e-03 -1.303000037334229866e-01 -1.849480948444979719e-02 9.912747382449638156e-01
1.124566999999999979e+02 -1.383807999999999927e+00 -1.783609999999999918e-01 7.944144999999999790e+00 -7.387918655594597102e-03 -1.264030827443308747e-01 -1.735847201907089396e-02 9.917995577634779458e-01
1.125610000000000070e+02 -1.438606999999999969e+00 -1.800395999999999941e-01 8.249383999999999162e+00 -9.319060071948246510e-03 -1.223228533421564235e-01 -1.448276762968606426e-02 9.923409313897076922e-01
1.126650999999999954e+02 -1.485319000000000056e+00 -1.784785000000000121e-01 8.521081000000000572e+00 -1.048099568442472512e-02 -1.175509952696967009e-01 -1.294485216390007208e-02 9.929271589814741006e-01
1.127691999999999979e+02 -1.531093999999999955e+00 -1.800685999999999953e-01 8.751345000000000596e+00 -1.121629002526777080e-02 -1.124088465617379962e-01 -1.367957048862932477e-02 9.935045623468345966e-01
1.128733000000000004e+02 -1.565469999999999917e+00 -1.843807000000000085e-01 8.946937000000000140e+00 -1.126554680566961217e-02 -1.075003480047029836e-01 -1.413494850373704301e-02 9.940407264618656979e-01
1.129775000000000063e+02 -1.589382999999999990e+00 -1.876084000000000085e-01 9.106579999999999231e+00 -1.056587345878831977e-02 -1.026613608305936287e-01 -1.395276057338461738e-02 9.945623800359864042e-01
1.130815999999999946e+02 -1.603788999999999909e+00 -1.880929000000000073e-01 9.232184999999999420e+00 -1.007498631866301890e-02 -9.875007704003846420e-02 -1.261933809832417250e-02 9.949812406478957261e-01
1.131856999999999971e+02 -1.615795000000000092e+00 -1.881750000000000089e-01 9.324631999999999366e+00 -9.586467548048623402e-03 -9.611453383101886683e-02 -1.170545187945523473e-02 9.952552830418405216e-01
1.132896999999999963e+02 -1.626597000000000071e+00 -1.885720999999999925e-01 9.380865999999999261e+00 -9.121587716320395806e-03 -9.416604737430966932e-02 -1.193296903882763368e-02 9.954431959732061852e-01
1.133936999999999955e+02 -1.634967000000000059e+00 -1.888051000000000035e-01 9.405471999999999611e+00 -8.330701416399877504e-03 -9.325394135597997458e-02 -1.235593092718923619e-02 9.955308296614469032e-01
1.134976999999999947e+02 -1.635852000000000084e+00 -1.890361000000000125e-01 9.404837999999999809e+00 -8.119561149405223402e-03 -9.337477352830292343e-02 -1.229085788822339986e-02 9.955220536018530852e-01
1.136016999999999939e+02 -1.636806999999999901e+00 -1.924645000000000106e-01 9.386955999999999634e+00 -6.956298865669025694e-03 -9.357487927277352568e-02 -1.254601805312672951e-02 9.955088896168573509e-01
1.137056999999999931e+02 -1.637558000000000069e+00 -1.977199000000000040e-01 9.378778000000000503e+00 -4.483878224229624621e-03 -9.339683068449822212e-02 -1.264487167515442913e-02 9.955385648353759498e-01
1.138097000000000065e+02 -1.640331999999999901e+00 -1.993791000000000035e-01 9.376167000000000584e+00 -2.989835529492840781e-03 -9.355389703036143256e-02 -1.246331991296564627e-02 9.955317146583960719e-01
1.139136000000000024e+02 -1.641127000000000002e+00 -1.963128000000000095e-01 9.372464000000000794e+00 -3.242238500628058257e-03 -9.355305459009255475e-02 -1.230665956206347493e-02 9.955329527427968506e-01
1.140176000000000016e+02 -1.643107000000000095e+00 -1.932541999999999871e-01 9.369583999999999691e+00 -3.650327746716944440e-03 -9.343178629756687670e-02 -1.227101712528125624e-02 9.955433684954660967e-01
1.141216000000000008e+02 -1.643540000000000001e+00 -1.932833999999999941e-01 9.371050000000000324e+00 -3.887093487495600196e-03 -9.360272678452907780e-02 -1.227871399292652758e-02 9.955263197050094881e-01
1.142256000000000000e+02 -1.643726000000000020e+00 -1.924916000000000127e-01 9.370281000000000304e+00 -4.225190067307344789e-03 -9.353419250561556542e-02 -1.247308761246638739e-02 9.955289672765070819e-01
