77.4281900000000007 -0.39459112076760422 -0.0177487472570391838 1.12545150068205135 -0.0041308263459245622 -0.0850969035749734037 -0.000237450591664403396 0.996364088520289903
77.5318199999999962 -0.499296303465599223 -0.0125214324523831334 1.39381966425053649 -0.00329191832055519612 -0.107362723848508021 -0.00139148138605080869 0.994213494467436898
77.6354299999999995 -0.615057737215157552 -0.0182675446169705859 1.69085687474819379 -0.00296521052451561608 -0.131696823730442336 -0.00193890903744190391 0.99128371053780695
77.7390800000000013 -0.767443869639888754 -0.0404488572426487669 1.99517366185635736 -0.00306226394059998068 -0.157106917340124885 3.73427252352131678e-05 0.987576851525471033
77.8426900000000046 -0.928864707051072935 -0.00496903500028489375 2.32246134372678581 -0.000784965467300526281 -0.183331383148832239 0.000962525644908339721 0.983050385955030359
77.9465299999999957 -1.07394685335980888 0.0399250560658690051 2.69552937761578715 0.00171431897611723483 -0.211205525281673107 0.00130434151269989956 0.977439300363024621
78.0502500000000055 -1.3054824772961342 0.034528601200007572 3.05245466318587821 0.00139061209713470702 -0.23655470559844563 0.000603449738994254938 0.971616988995993469
78.1539700000000011 -1.54910450897167284 0.0592327224239624361 3.4369695226293473 0.0019540215022680104 -0.262834890565361468 0.000847298336362278218 0.964838475697871623
78.2578400000000016 -1.84059766947437176 0.0502761774352146196 3.832260673482772 0.000118370254461234737 -0.2887556635906946 0.00134584590611048355 0.957401870392771692
78.3615599999999972 -2.16112429173719045 -0.00308242377936515655 4.22322867554714243 -0.0039785938828872415 -0.314381174280619791 0.0016616158449346359 0.949287041458713676
78.4654299999999978 -2.54162695608605294 -0.0297529396542260127 4.61011219833712893 -0.00768899972395384844 -0.339654165624772797 0.00201674298973426348 0.940516804637055781
78.5693100000000015 -2.93513101760723139 -0.0127968619953687593 4.99423024425109219 -0.0101182444766637035 -0.365557529006875548 0.00224703880430888493 0.93073103791144185
78.6730600000000067 -3.36161038909239629 -0.00318025235954443389 5.37555031717240706 -0.0128519944709012089 -0.391112502691890296 0.00289621669339094586 0.920248579681094192
78.776929999999993 -3.84792733059649805 -0.0220186589334413901 5.7419072329592673 -0.0158627088278677809 -0.415780440972640997 0.00292846177220212759 0.909321958101137806
78.8807999999999936 -4.36700954576756128 -0.0794287815669117575 6.0679097435835283 -0.0200409975010137041 -0.439070069096327176 0.0041363346979088637 0.898219752387007908
78.9848599999999976 -4.92684659182505591 -0.110987813962579451 6.40341897556507433 -0.0235183049538043587 -0.461538016046680433 0.00556115625778081952 0.886791194485415768
79.0888300000000015 -5.49389537334134115 -0.0562223555128624625 6.7382488128222926 -0.0216449008663836644 -0.481902922947171575 0.00569299064824815154 0.875938731292854711
79.1929599999999994 -6.08934631141417348 -0.0320588661244501985 7.08012650148411815 -0.020616002788971282 -0.499636617020859486 0.00559534534739313406 0.865971664358251236
79.2970600000000019 -6.72186403892718598 -0.0113680027316533788 7.42041469573988888 -0.0195745054085816536 -0.514715081233394378 0.00502593442513208678 0.857123073935163626
79.4013099999999952 -7.38244077706814572 0.0182920194176340346 7.74350905241320842 -0.0176589933487170149 -0.526541285315247243 0.00481967858517896516 0.849952472501147027
