77.4281900000000007 -0.39459112076760422 -0.0177487472570391838 1.12545150068205135 -0.0041308263459245622 -0.0850969035749734037 -0.000237450591664403396 0.996364088520289903
77.5318199999999962 -0.499296303465599223 -0.0125214324523831334 1.39381966425053649 -0.00329191832055519612 -0.107362723848508021 -0.00139148138605080869 0.994213494467436898
77.6354299999999995 -0.615057737215157552 -0.0182675446169705859 1.69085687474819379 -0.00296521052451561608 -0.131696823730442336 -0.00193890903744190391 0.99128371053780695
77.7390800000000013 -0.767443869639888754 -0.0404488572426487669 1.99517366185635736 -0.00306226394059998068 -0.157106917340124885 3.73427252352131678e-05 0.987576851525471033
77.8426900000000046 -0.928864707051072935 -0.00496903500028489375 2.32246134372678581 -0.000784965467300526281 -0.183331383148832239 0.000962525644908339721 0.983050385955030359
77.9465299999999957 -1.12114705707167239 -0.00537898227839216873 2.66899766968342433 0.000119753673015063754 -0.209191681848934802 0.00120882436248154418 0.977873900177283928
78.0502500000000055 -1.38148522056861789 -0.0044827999462354641 3.02127161089696905 4.73470332419546169e-06 -0.233565147898499914 0.000923561189658260386 0.97234071636410635
78.1539700000000011 -1.62273773730575055 0.0213256224076200269 3.4072053015221857 0.000578206520429347891 -0.259865683216156884 0.00120321611215766923 0.965643849788734077
78.2578400000000016 -1.90285843409205802 0.0295104522628240017 3.79173584767246341 -0.000578622320624708414 -0.285857031363403513 0.00141287425233166028 0.958271061131796498
78.3615599999999972 -2.22102810121128069 -0.0232186229980562674 4.18470930999322732 -0.00467254095613592758 -0.311506184247656748 0.00175985446380324314 0.950231007412799866
78.4654299999999978 -2.59919017392687834 -0.0492484843009386233 4.57392434988762808 -0.00837928281496708172 -0.336804828351856933 0.00214486919641837829 0.941534754937125684
78.5693100000000015 -3.02900145958281897 -0.0537883454523766513 4.98580036093304724 -0.0118202318252453101 -0.362330114008768689 0.00270113946763148472 0.931970962234106692
78.6730600000000067 -3.49995498167114949 -0.0642635372701409191 5.39716089627914908 -0.0149786510194944156 -0.387831397305230752 0.00322013865188579447 0.921602993693581229
78.776929999999993 -4.00704682138506119 -0.0980666957002253314 5.76257663077800331 -0.0180870557871546066 -0.411787402842710537 0.00231519036648208465 0.91109748828902748
78.8807999999999936 -4.55914210503556916 -0.116719321898799688 6.12099630438026221 -0.0210391057005322804 -0.434903951613849704 0.00203928016303346962 0.900228721069482818
78.9848599999999976 -5.17323523224733783 -0.102013841726565968 6.51974577699693469 -0.0227226912813167647 -0.457560414842050234 0.00250256671465958706 0.888884628751304029
79.0888300000000015 -5.73702522215129385 -0.045924656694744076 6.85981848478538847 -0.0209219034385390856 -0.477977920361528918 0.00260903064516173483 0.87811877019140705
79.1929599999999994 -6.32628190013605973 -0.0255029688748744099 7.18471278169709482 -0.0202432903588596162 -0.4954482185955707 0.00324896472996225863 0.868395483702043447
79.2970600000000019 -6.95606392933878936 0.0033152382832148386 7.5044553509826244 -0.0187713836218691664 -0.5097569011184101 0.00293914536812705683 0.860108654963767427
79.4013099999999952 -7.56632017252296674 0.0397560484343373877 7.81826399853513365 -0.0170149550313814651 -0.521820381318771953 0.0042501607567916929 0.852875088790353231
