2.079153000000000162e+01 -7.944526999999999362e+01 3.344377000000000044e-01 4.803166000000000224e+01 1.050696226944534072e-04 -3.799245227325398488e-02 -9.479059940775953416e-03 9.992330608788310142e-01
2.089538999999999902e+01 -7.950861000000000445e+01 3.209955999999999920e-01 4.890207000000000193e+01 1.176532635727905530e-04 -3.703714996644746904e-02 -8.758473143993202037e-03 9.992754999639775759e-01
2.099925999999999959e+01 -7.957375999999999294e+01 3.027919000000000027e-01 4.977895000000000181e+01 -1.080197702294911433e-03 -3.649283994486707261e-02 -7.873923628409124770e-03 9.993023101806465247e-01
2.110326999999999842e+01 -7.963392000000000337e+01 2.867505000000000193e-01 5.065630000000000166e+01 -2.508234528075479856e-03 -3.617684209964633357e-02 -6.266104405911430107e-03 9.993226109674611113e-01
2.120713999999999899e+01 -7.969741999999999393e+01 2.720427000000000262e-01 5.152944999999999709e+01 -2.701847436299308590e-03 -3.574445844481621837e-02 -5.739018062376611932e-03 9.993408314397034253e-01
2.131111999999999895e+01 -7.976467999999999847e+01 2.574406000000000194e-01 5.239663999999999788e+01 -1.428057553159749280e-03 -3.521780123908668791e-02 -6.634495925452696917e-03 9.993566183256729074e-01
2.141504000000000119e+01 -7.983357999999999777e+01 2.408601999999999965e-01 5.325480000000000302e+01 1.529362547367558870e-03 -3.486660208516489945e-02 -8.048624205055809888e-03 9.993583945500430499e-01
2.151901000000000153e+01 -7.990039000000000158e+01 2.201001999999999958e-01 5.411350000000000193e+01 4.205886693855163255e-03 -3.435303728763516862e-02 -8.983980030931173338e-03 9.993605292631068115e-01
2.162290000000000134e+01 -7.996963999999999828e+01 1.922995999999999872e-01 5.496562000000000126e+01 7.544609230575540296e-03 -3.398637139294369280e-02 -1.137156426931382712e-02 9.993291214395620958e-01
2.172689000000000092e+01 -8.003258999999999901e+01 1.649343000000000059e-01 5.581906000000000034e+01 7.972300172972103527e-03 -3.346298176314244088e-02 -1.171100930683310198e-02 9.993395436699614720e-01
2.183076000000000150e+01 -8.009273000000000309e+01 1.408071999999999935e-01 5.667063000000000272e+01 5.437924044055128699e-03 -3.338307642028337519e-02 -9.868817597362205055e-03 9.993791100628622859e-01
2.193464000000000169e+01 -8.015558000000000050e+01 1.161115999999999954e-01 5.752689000000000163e+01 1.530150682651954623e-05 -3.360724637575374096e-02 -9.533068457290464620e-03 9.993896504180399543e-01
2.203866000000000014e+01 -8.022244000000000597e+01 9.233457000000000470e-02 5.837774999999999892e+01 -4.453416611926966535e-03 -3.418548154646783299e-02 -1.007161835803437912e-02 9.993548330976174121e-01
2.214262000000000086e+01 -8.028086000000000411e+01 7.510007999999999961e-02 5.921309999999999718e+01 -2.582696852768595966e-03 -3.550570004089692588e-02 -8.099419973732726458e-03 9.993333149343422983e-01
2.224653999999999954e+01 -8.033871000000000606e+01 5.914325000000000138e-02 6.004263999999999868e+01 -1.016869869432010000e-03 -3.664248119508883850e-02 -5.101454989999715077e-03 9.993149001713731439e-01
2.235039000000000087e+01 -8.040304999999999325e+01 4.000654000000000016e-02 6.087223000000000184e+01 -6.199889682170021520e-04 -3.796948050714410439e-02 -4.899971014483050537e-03 9.992666933545589769e-01
2.245439000000000007e+01 -8.047401000000000693e+01 1.826730000000000020e-02 6.169566999999999979e+01 7.673984662409340718e-04 -3.923098830796278857e-02 -5.624253064029209950e-03 9.992140453543709722e-01
2.255837000000000003e+01 -8.054971999999999355e+01 -3.742664000000000147e-03 6.251364999999999839e+01 2.418849359900414851e-03 -4.097939008249029680e-02 -6.619064664990997188e-03 9.991351393776530809e-01
2.266226999999999947e+01 -8.062089000000000283e+01 -2.632293999999999953e-02 6.332786999999999722e+01 4.269015459810471952e-03 -4.300252920769087606e-02 -6.971256864848828297e-03 9.990415204417030237e-01
2.276614000000000004e+01 -8.069603999999999644e+01 -5.452811999999999937e-02 6.413629000000000246e+01 6.515557031445247393e-03 -4.461440859746146348e-02 -7.647440884453678839e-03 9.989537620480677393e-01
