7.420770000000000266e+01 -1.464774999999999920e+02 3.776019999999999932e+00 -8.213321999999999434e+01 1.613777720998903209e-02 9.991073917582490305e-01 2.116837325948637064e-02 3.280079045232319607e-02
7.431171000000000504e+01 -1.464764999999999873e+02 3.778252999999999862e+00 -8.213317999999999586e+01 1.613390170172378582e-02 9.991078298774880295e-01 2.113569746583381093e-02 3.281042191147268139e-02
7.441567999999999472e+01 -1.465060000000000002e+02 3.817593000000000014e+00 -8.214995999999999299e+01 1.614241514152285617e-02 9.991065466289430486e-01 2.117774484430716767e-02 3.281819678007192459e-02
7.451980000000000359e+01 -1.465250000000000057e+02 3.844866999999999813e+00 -8.216200999999999510e+01 1.609306427257382530e-02 9.990986038984509543e-01 2.107908909368095760e-02 3.314611551095326264e-02
7.462389000000000294e+01 -1.465414000000000101e+02 3.867996999999999908e+00 -8.217605000000000359e+01 1.601060025290326067e-02 9.990654237420573125e-01 2.085101960553537720e-02 3.430998023977951950e-02
7.472784000000000049e+01 -1.465569000000000131e+02 3.891862999999999850e+00 -8.219557000000000357e+01 1.576333316921827224e-02 9.990426451944904862e-01 2.065617252286741298e-02 3.519421752073783466e-02
7.483185000000000286e+01 -1.465658999999999992e+02 3.908776000000000028e+00 -8.221729999999999450e+01 1.548573540466831495e-02 9.989947041884822410e-01 2.054553692737614776e-02 3.671040608205610595e-02
7.493585000000000207e+01 -1.465793999999999926e+02 3.927280999999999800e+00 -8.224564999999999770e+01 1.572059772576612363e-02 9.988979504340192994e-01 2.063363728893814406e-02 3.911522003118616392e-02
7.503985000000000127e+01 -1.465858000000000061e+02 3.940278999999999865e+00 -8.227544000000000324e+01 1.572911492960174865e-02 9.987855491378649919e-01 2.063169894029481810e-02 4.188501851189556369e-02
7.514381000000000199e+01 -1.465905999999999949e+02 3.955030999999999963e+00 -8.231013000000000090e+01 1.539537942295539537e-02 9.986554867117586332e-01 2.061882977871832764e-02 4.500072234397353710e-02
7.524781000000000120e+01 -1.465877999999999872e+02 3.963824999999999932e+00 -8.234430999999999301e+01 1.526821125915342643e-02 9.984767862515252501e-01 2.064169204864083063e-02 4.883553615084828409e-02
7.535170999999999708e+01 -1.465882000000000005e+02 3.974088000000000065e+00 -8.238438999999999623e+01 1.525151896340777927e-02 9.982492354543639479e-01 2.055334919018171613e-02 5.332368067896856023e-02
7.545573000000000263e+01 -1.465817999999999870e+02 3.980789999999999829e+00 -8.242616999999999905e+01 1.515032656151662875e-02 9.979856999273021279e-01 2.059776733107053850e-02 5.805809441127177117e-02
7.555959000000000003e+01 -1.465780000000000030e+02 3.988369000000000053e+00 -8.247353999999999985e+01 1.499152446427409920e-02 9.976660151357044093e-01 2.063886510310984287e-02 6.333887972435650604e-02
7.566357000000000710e+01 -1.465674999999999955e+02 3.993898999999999866e+00 -8.252258999999999389e+01 1.499079409684860031e-02 9.972677127108354744e-01 2.062156757641893726e-02 6.933351446115809669e-02
7.576748000000000616e+01 -1.465517999999999859e+02 4.000772999999999691e+00 -8.257421999999999684e+01 1.490141178666303315e-02 9.967983291525877032e-01 2.050310258907118641e-02 7.583311749886133268e-02
7.587135999999999569e+01 -1.465330999999999904e+02 4.006616000000000177e+00 -8.263233999999999924e+01 1.478726564465158641e-02 9.962452048558722018e-01 2.002536488645883725e-02 8.292052422409798562e-02
7.597517999999999461e+01 -1.465074999999999932e+02 4.013232999999999606e+00 -8.269804999999999495e+01 1.452579783878233700e-02 9.955655878019679106e-01 1.900021933016732278e-02 9.097886153978301804e-02
7.607909999999999684e+01 -1.464758999999999958e+02 4.019203000000000081e+00 -8.277848000000000184e+01 1.390973206893938996e-02 9.947680352148399185e-01 1.789209813896803017e-02 9.961399647018952253e-02
7.618295000000000528e+01 -1.464451999999999998e+02 4.024428999999999590e+00 -8.288030999999999437e+01 1.328302565643856015e-02 9.938496143373454217e-01 1.736493147116348681e-02 1.085585761970107171e-01
