2.983289999999999864e+01 -9.792432999999999765e+01 -6.283273999999999804e-01 1.119025000000000034e+02 -4.034365768172936545e-03 -2.664704426094302026e-01 -1.212699474238277363e-02 9.637583530672513277e-01
2.993676999999999921e+01 -9.824174999999999613e+01 -6.324615000000000098e-01 1.124232999999999976e+02 -4.664213774794817233e-03 -2.676822620663249497e-01 -1.228007354130422092e-02 9.634176931522165921e-01
3.004076999999999842e+01 -9.855026999999999759e+01 -6.360649000000000441e-01 1.129252000000000038e+02 -5.629088179857102275e-03 -2.688108691901659464e-01 -1.209790930184102831e-02 9.631005505979193249e-01
3.014464999999999861e+01 -9.884347999999999956e+01 -6.367939999999999712e-01 1.134056000000000068e+02 -6.100339348871356912e-03 -2.700665611074853922e-01 -1.128155004159391191e-02 9.627562334568731117e-01
3.024851999999999919e+01 -9.912484999999999502e+01 -6.384109000000000034e-01 1.138657000000000039e+02 -6.466717865440009018e-03 -2.713198784858023016e-01 -1.013011661685503557e-02 9.624141966096650957e-01
3.035239999999999938e+01 -9.939682000000000528e+01 -6.400805999999999996e-01 1.143023000000000025e+02 -6.192155632982630255e-03 -2.723656520596976494e-01 -9.682971319910627789e-03 9.621251731729768553e-01
3.045626999999999995e+01 -9.966423000000000343e+01 -6.481915000000000315e-01 1.147172999999999945e+02 -4.403356039131851168e-03 -2.734498391309083676e-01 -1.037957339621429186e-02 9.618201809023267934e-01
3.056026999999999916e+01 -9.991884000000000299e+01 -6.560401000000000149e-01 1.151136999999999944e+02 -2.357946256593706873e-03 -2.748378391890384798e-01 -9.748301333891715506e-03 9.614382834381283160e-01
3.066403999999999996e+01 -1.001623000000000019e+02 -6.586288999999999616e-01 1.154941000000000031e+02 -1.707337890624312541e-03 -2.768570706916611002e-01 -8.032938121651922794e-03 9.608760166173851980e-01
3.076790000000000092e+01 -1.003992999999999967e+02 -6.585883999999999627e-01 1.158607999999999976e+02 -2.541568206424354732e-03 -2.792097300317213371e-01 -5.671843757967343601e-03 9.602100276892815423e-01
3.087179000000000073e+01 -1.006332000000000022e+02 -6.607941999999999982e-01 1.162045999999999992e+02 -3.143275349316318121e-03 -2.821416574908437447e-01 -5.783004450944052507e-03 9.593501768321711642e-01
3.097565000000000168e+01 -1.008652000000000015e+02 -6.647241999999999873e-01 1.165285999999999973e+02 -3.730536430088556791e-03 -2.852954402551657331e-01 -7.607529597346578479e-03 9.584021704696733535e-01
3.107954000000000150e+01 -1.010904000000000025e+02 -6.694670999999999816e-01 1.168348000000000013e+02 -4.993723770186364597e-03 -2.883512535994653403e-01 -1.024684317337893648e-02 9.574568499287599010e-01
3.118327000000000027e+01 -1.013055999999999983e+02 -6.713923000000000529e-01 1.171265999999999963e+02 -8.077956673528806364e-03 -2.915283305601931163e-01 -1.233036823687706264e-02 9.564486087165953165e-01
3.128714000000000084e+01 -1.015060000000000002e+02 -6.722784000000000537e-01 1.174010999999999996e+02 -1.023792521413792456e-02 -2.953492357519533762e-01 -1.274442784745372786e-02 9.552494927435908334e-01
3.139089999999999847e+01 -1.016928999999999945e+02 -6.721458999999999628e-01 1.176573999999999955e+02 -1.140961121629900307e-02 -2.997743605064686623e-01 -1.107728415916800664e-02 9.538775850865176542e-01
3.149465999999999966e+01 -1.018739000000000061e+02 -6.729960000000000386e-01 1.178991999999999933e+02 -1.232213819388149750e-02 -3.052617844066305430e-01 -9.458704576134482206e-03 9.521417650743778660e-01
3.159838999999999842e+01 -1.020512999999999977e+02 -6.736387000000000347e-01 1.181219999999999999e+02 -1.331787110818301312e-02 -3.120114135552374268e-01 -8.361855308686111030e-03 9.499482046386552581e-01
3.170214999999999961e+01 -1.022292000000000058e+02 -6.753232000000000124e-01 1.183255999999999943e+02 -1.383195583278563207e-02 -3.198233641453879228e-01 -8.451861030046784254e-03 9.473385133043497053e-01
3.180576999999999899e+01 -1.024052999999999969e+02 -6.766432999999999476e-01 1.185086000000000013e+02 -1.341276429849834993e-02 -3.287724995175025366e-01 -9.441320290854040079e-03 9.442667010892908941e-01
