67.0316100000000006 -0.0237290410392416405 -0.0174341480115019487 0.194908535583941472 0.000955699935184661548 -0.000933212658199539247 -0.000538466968301364794 0.999998962902008515
67.1346499999999935 -0.0237290410392416405 -0.0174341480115019487 0.194908535583941472 0.000955699935184661548 -0.000933212658199539247 -0.000538466968301364794 0.999998962902008515
67.2384700000000066 -0.0237290410392416405 -0.0174341480115019487 0.194908535583941472 0.000955699935184661548 -0.000933212658199539247 -0.000538466968301364794 0.999998962902008515
67.3425199999999933 -0.0237290410392416405 -0.0174341480115019487 0.194908535583941472 0.000955699935184661548 -0.000933212658199539247 -0.000538466968301364794 0.999998962902008515
67.446479999999994 -0.0237290410392416405 -0.0174341480115019487 0.194908535583941472 0.000955699935184661548 -0.000933212658199539247 -0.000538466968301364794 0.999998962902008515
67.5503300000000024 0.0229955409542512042 -0.039941238640487986 0.336710904879913953 0.000723816022117408338 -0.00375134806684879066 -0.00146251750527629822 0.999991632225287419
67.6542900000000031 0.083962005102795112 -0.0554628638021932227 0.210733360680307458 0.00160141786040663651 -0.00394722557486696258 -0.00113303168350365716 0.999990285507965204
67.7582100000000054 0.083962005102795112 -0.0554628638021932227 0.210733360680307458 0.00160141786040663651 -0.00394722557486696258 -0.00113303168350365716 0.999990285507965204
67.8621899999999982 0.177056731885217866 -0.0494896751663172069 0.295901473092327616 0.00197716041416786184 -0.00895605003137645538 -0.000173086666277000317 0.999957924137580001
67.9660800000000052 0.177056731885217866 -0.0494896751663172069 0.295901473092327616 0.00197716041416786184 -0.00895605003137645538 -0.000173086666277000317 0.999957924137580001
68.0701899999999966 0.177056731885217866 -0.0494896751663172069 0.295901473092327616 0.00197716041416786184 -0.00895605003137645538 -0.000173086666277000317 0.999957924137580001
68.1739800000000002 0.177056731885217866 -0.0494896751663172069 0.295901473092327616 0.00197716041416786184 -0.00895605003137645538 -0.000173086666277000317 0.999957924137580001
68.2779299999999978 0.177056731885217866 -0.0494896751663172069 0.295901473092327616 0.00197716041416786184 -0.00895605003137645538 -0.000173086666277000317 0.999957924137580001
68.3817999999999984 0.177056731885217866 -0.0494896751663172069 0.295901473092327616 0.00197716041416786184 -0.00895605003137645538 -0.000173086666277000317 0.999957924137580001
68.4859299999999962 0.177056731885217866 -0.0494896751663172069 0.295901473092327616 0.00197716041416786184 -0.00895605003137645538 -0.000173086666277000317 0.999957924137580001
68.5899799999999971 0.177056731885217866 -0.0494896751663172069 0.295901473092327616 0.00197716041416786184 -0.00895605003137645538 -0.000173086666277000317 0.999957924137580001
68.6939699999999931 0.177056731885217866 -0.0494896751663172069 0.295901473092327616 0.00197716041416786184 -0.00895605003137645538 -0.000173086666277000317 0.999957924137580001
68.7979700000000065 0.177056731885217866 -0.0494896751663172069 0.295901473092327616 0.00197716041416786184 -0.00895605003137645538 -0.000173086666277000317 0.999957924137580001
68.9020600000000059 0.177056731885217866 -0.0494896751663172069 0.295901473092327616 0.00197716041416786184 -0.00895605003137645538 -0.000173086666277000317 0.999957924137580001
69.0060399999999987 0.177056731885217866 -0.0494896751663172069 0.295901473092327616 0.00197716041416786184 -0.00895605003137645538 -0.000173086666277000317 0.999957924137580001
69.1108300000000071 0.177056731885217866 -0.0494896751663172069 0.295901473092327616 0.00197716041416786184 -0.00895605003137645538 -0.000173086666277000317 0.999957924137580001
69.2142300000000006 0.177056731885217866 -0.0494896751663172069 0.295901473092327616 0.00197716041416786184 -0.00895605003137645538 -0.000173086666277000317 0.999957924137580001
69.3181900000000013 0.177056731885217866 -0.0494896751663172069 0.295901473092327616 0.00197716041416786184 -0.00895605003137645538 -0.000173086666277000317 0.999957924137580001
69.4223300000000023 0.177056731885217866 -0.0494896751663172069 0.295901473092327616 0.00197716041416786184 -0.00895605003137645538 -0.000173086666277000317 0.999957924137580001
69.5263199999999983 0.177056731885217866 -0.0494896751663172069 0.295901473092327616 0.00197716041416786184 -0.00895605003137645538 -0.000173086666277000317 0.999957924137580001
69.6303199999999975 0.177056731885217866 -0.0494896751663172069 0.295901473092327616 0.00197716041416786184 -0.00895605003137645538 -0.000173086666277000317 0.999957924137580001
69.7343299999999999 0.177056731885217866 -0.0494896751663172069 0.295901473092327616 0.00197716041416786184 -0.00895605003137645538 -0.000173086666277000317 0.999957924137580001
69.8384300000000025 0.177056731885217866 -0.0494896751663172069 0.295901473092327616 0.00197716041416786184 -0.00895605003137645538 -0.000173086666277000317 0.999957924137580001
69.9433099999999968 0.177056731885217866 -0.0494896751663172069 0.295901473092327616 0.00197716041416786184 -0.00895605003137645538 -0.000173086666277000317 0.999957924137580001
70.0472500000000053 0.177056731885217866 -0.0494896751663172069 0.295901473092327616 0.00197716041416786184 -0.00895605003137645538 -0.000173086666277000317 0.999957924137580001
70.150509999999997 0.177056731885217866 -0.0494896751663172069 0.295901473092327616 0.00197716041416786184 -0.00895605003137645538 -0.000173086666277000317 0.999957924137580001
70.2544500000000056 0.177056731885217866 -0.0494896751663172069 0.295901473092327616 0.00197716041416786184 -0.00895605003137645538 -0.000173086666277000317 0.999957924137580001
70.3584400000000016 0.177056731885217866 -0.0494896751663172069 0.295901473092327616 0.00197716041416786184 -0.00895605003137645538 -0.000173086666277000317 0.999957924137580001
70.462450000000004 0.177056731885217866 -0.0494896751663172069 0.295901473092327616 0.00197716041416786184 -0.00895605003137645538 -0.000173086666277000317 0.999957924137580001
70.5664500000000032 0.177056731885217866 -0.0494896751663172069 0.295901473092327616 0.00197716041416786184 -0.00895605003137645538 -0.000173086666277000317 0.999957924137580001
70.6706400000000059 0.177056731885217866 -0.0494896751663172069 0.295901473092327616 0.00197716041416786184 -0.00895605003137645538 -0.000173086666277000317 0.999957924137580001
70.7745400000000018 0.177056731885217866 -0.0494896751663172069 0.295901473092327616 0.00197716041416786184 -0.00895605003137645538 -0.000173086666277000317 0.999957924137580001
70.8785500000000042 0.177056731885217866 -0.0494896751663172069 0.295901473092327616 0.00197716041416786184 -0.00895605003137645538 -0.000173086666277000317 0.999957924137580001
70.9825400000000002 0.177056731885217866 -0.0494896751663172069 0.295901473092327616 0.00197716041416786184 -0.00895605003137645538 -0.000173086666277000317 0.999957924137580001
71.0866800000000012 0.177056731885217866 -0.0494896751663172069 0.295901473092327616 0.00197716041416786184 -0.00895605003137645538 -0.000173086666277000317 0.999957924137580001
71.1906800000000004 0.177056731885217866 -0.0494896751663172069 0.295901473092327616 0.00197716041416786184 -0.00895605003137645538 -0.000173086666277000317 0.999957924137580001
71.2946699999999964 0.177056731885217866 -0.0494896751663172069 0.295901473092327616 0.00197716041416786184 -0.00895605003137645538 -0.000173086666277000317 0.999957924137580001
71.3987900000000053 0.177056731885217866 -0.0494896751663172069 0.295901473092327616 0.00197716041416786184 -0.00895605003137645538 -0.000173086666277000317 0.999957924137580001
71.5030100000000033 0.177056731885217866 -0.0494896751663172069 0.295901473092327616 0.00197716041416786184 -0.00895605003137645538 -0.000173086666277000317 0.999957924137580001
71.6069200000000023 0.177056731885217866 -0.0494896751663172069 0.295901473092327616 0.00197716041416786184 -0.00895605003137645538 -0.000173086666277000317 0.999957924137580001
71.7109899999999953 0.177056731885217866 -0.0494896751663172069 0.295901473092327616 0.00197716041416786184 -0.00895605003137645538 -0.000173086666277000317 0.999957924137580001
71.8177199999999942 0.177056731885217866 -0.0494896751663172069 0.295901473092327616 0.00197716041416786184 -0.00895605003137645538 -0.000173086666277000317 0.999957924137580001
71.9189599999999984 0.177056731885217866 -0.0494896751663172069 0.295901473092327616 0.00197716041416786184 -0.00895605003137645538 -0.000173086666277000317 0.999957924137580001
72.0230799999999931 0.177056731885217866 -0.0494896751663172069 0.295901473092327616 0.00197716041416786184 -0.00895605003137645538 -0.000173086666277000317 0.999957924137580001
72.127049999999997 0.177056731885217866 -0.0494896751663172069 0.295901473092327616 0.00197716041416786184 -0.00895605003137645538 -0.000173086666277000317 0.999957924137580001
72.231970000000004 0.177056731885217866 -0.0494896751663172069 0.295901473092327616 0.00197716041416786184 -0.00895605003137645538 -0.000173086666277000317 0.999957924137580001
72.3351200000000034 0.177056731885217866 -0.0494896751663172069 0.295901473092327616 0.00197716041416786184 -0.00895605003137645538 -0.000173086666277000317 0.999957924137580001
72.4391999999999996 0.177056731885217866 -0.0494896751663172069 0.295901473092327616 0.00197716041416786184 -0.00895605003137645538 -0.000173086666277000317 0.999957924137580001
72.5431899999999956 0.177056731885217866 -0.0494896751663172069 0.295901473092327616 0.00197716041416786184 -0.00895605003137645538 -0.000173086666277000317 0.999957924137580001
72.647199999999998 0.177056731885217866 -0.0494896751663172069 0.295901473092327616 0.00197716041416786184 -0.00895605003137645538 -0.000173086666277000317 0.999957924137580001
72.7511999999999972 0.177056731885217866 -0.0494896751663172069 0.295901473092327616 0.00197716041416786184 -0.00895605003137645538 -0.000173086666277000317 0.999957924137580001
72.8551800000000043 0.177056731885217866 -0.0494896751663172069 0.295901473092327616 0.00197716041416786184 -0.00895605003137645538 -0.000173086666277000317 0.999957924137580001
72.9592099999999988 0.177056731885217866 -0.0494896751663172069 0.295901473092327616 0.00197716041416786184 -0.00895605003137645538 -0.000173086666277000317 0.999957924137580001
73.0632999999999981 0.177056731885217866 -0.0494896751663172069 0.295901473092327616 0.00197716041416786184 -0.00895605003137645538 -0.000173086666277000317 0.999957924137580001
73.1674600000000055 0.177056731885217866 -0.0494896751663172069 0.295901473092327616 0.00197716041416786184 -0.00895605003137645538 -0.000173086666277000317 0.999957924137580001
73.2717300000000051 0.177056731885217866 -0.0494896751663172069 0.295901473092327616 0.00197716041416786184 -0.00895605003137645538 -0.000173086666277000317 0.999957924137580001
73.3753099999999989 0.177056731885217866 -0.0494896751663172069 0.295901473092327616 0.00197716041416786184 -0.00895605003137645538 -0.000173086666277000317 0.999957924137580001
73.4794399999999968 0.177056731885217866 -0.0494896751663172069 0.295901473092327616 0.00197716041416786184 -0.00895605003137645538 -0.000173086666277000317 0.999957924137580001
73.5834600000000023 0.177056731885217866 -0.0494896751663172069 0.295901473092327616 0.00197716041416786184 -0.00895605003137645538 -0.000173086666277000317 0.999957924137580001
73.6876000000000033 0.177056731885217866 -0.0494896751663172069 0.295901473092327616 0.00197716041416786184 -0.00895605003137645538 -0.000173086666277000317 0.999957924137580001
73.791560000000004 0.177056731885217866 -0.0494896751663172069 0.295901473092327616 0.00197716041416786184 -0.00895605003137645538 -0.000173086666277000317 0.999957924137580001
73.8956600000000066 0.177056731885217866 -0.0494896751663172069 0.295901473092327616 0.00197716041416786184 -0.00895605003137645538 -0.000173086666277000317 0.999957924137580001
73.9995600000000024 0.177056731885217866 -0.0494896751663172069 0.295901473092327616 0.00197716041416786184 -0.00895605003137645538 -0.000173086666277000317 0.999957924137580001
74.1036799999999971 0.177056731885217866 -0.0494896751663172069 0.295901473092327616 0.00197716041416786184 -0.00895605003137645538 -0.000173086666277000317 0.999957924137580001
74.2077000000000027 0.177056731885217866 -0.0494896751663172069 0.295901473092327616 0.00197716041416786184 -0.00895605003137645538 -0.000173086666277000317 0.999957924137580001
