113.393699999999995 -1.1643623778601242 -0.0993059986491790225 9.3360284920279728 -0.0107920535731816022 -0.0836863254883819935 -0.00716889711653417167 0.99640791718053856
113.497699999999995 -1.1643623778601242 -0.0993059986491790225 9.3360284920279728 -0.0107920535731816022 -0.0836863254883819935 -0.00716889711653417167 0.99640791718053856
113.601699999999994 -1.1643623778601242 -0.0993059986491790225 9.3360284920279728 -0.0107920535731816022 -0.0836863254883819935 -0.00716889711653417167 0.99640791718053856
113.705699999999993 -1.1643623778601242 -0.0993059986491790225 9.3360284920279728 -0.0107920535731816022 -0.0836863254883819935 -0.00716889711653417167 0.99640791718053856
113.809700000000007 -1.1643623778601242 -0.0993059986491790225 9.3360284920279728 -0.0107920535731816022 -0.0836863254883819935 -0.00716889711653417167 0.99640791718053856
113.913600000000002 -1.1643623778601242 -0.0993059986491790225 9.3360284920279728 -0.0107920535731816022 -0.0836863254883819935 -0.00716889711653417167 0.99640791718053856
114.017600000000002 -1.1643623778601242 -0.0993059986491790225 9.3360284920279728 -0.0107920535731816022 -0.0836863254883819935 -0.00716889711653417167 0.99640791718053856
114.121600000000001 -1.1643623778601242 -0.0993059986491790225 9.3360284920279728 -0.0107920535731816022 -0.0836863254883819935 -0.00716889711653417167 0.99640791718053856
114.2256 -1.1643623778601242 -0.0993059986491790225 9.3360284920279728 -0.0107920535731816022 -0.0836863254883819935 -0.00716889711653417167 0.99640791718053856
114.329599999999999 -1.1643623778601242 -0.0993059986491790225 9.3360284920279728 -0.0107920535731816022 -0.0836863254883819935 -0.00716889711653417167 0.99640791718053856
