110.275999999999996 -0.0305903038889297381 0.00912165227820713187 0.386270832263890251 0.000258900841781850176 0.00173476232057442133 -0.00191320306128934755 0.999996631606372754
110.379999999999995 -0.0691303626037946539 0.0112120647002857642 0.785850727143513117 -0.00010791204408540783 0.00590476442645462146 -0.00468883756115816459 0.999971568053004245
110.483999999999995 -0.0540430278390657964 0.00845504595443349188 1.19686943469276352 -0.000410609673518233466 0.00989152902186212803 -0.00345874168055600043 0.999945011567782704
110.587800000000001 0.0190437660032985179 -0.0139274888771612135 1.59479039341715434 -0.000683540098083019738 0.0130858736146113909 0.000728777281652954979 0.999913877075596313
110.691699999999997 0.0661230656058852118 -0.0176299802128529956 1.99285000075197738 0.00093288249734885839 0.0145682936515509742 0.00524333206153908705 0.999879693772816269
110.795599999999993 0.0639998167080796376 -0.0261635228496465214 2.3844172243310271 0.00262497550329000113 0.0127563535009135292 0.0069364397048562107 0.999891129450195648
110.899199999999993 0.0584925161642002797 -0.0312309233745194682 2.77205789212926001 0.0037685805715263255 0.0068895101783049183 0.00514831107606721246 0.999955912699676541
111.002899999999997 0.0283432348461077274 -0.034481198684806473 3.15278600301661038 0.00562635552971128654 -0.00141497085937706602 0.00231380425501684752 0.999980493955152094
111.1066 0.0143867841810954855 -0.0412283248671861668 3.53135198939429529 0.00738082954930676088 -0.0103490089064394962 -0.00176122202314044074 0.999917656343162986
111.2102 -0.0329874556367169419 -0.0489361641529344471 3.90384040168964352 0.00807402159796173462 -0.0199774611979165323 -0.00141602590801609939 0.999766825859884856
111.313999999999993 -0.0785831701139764055 -0.0546480994489336805 4.2746249000938823 0.00761427365947301826 -0.0310959761425454 0.000790476284096556202 0.999487087586240497
111.417699999999996 -0.11663640876212493 -0.0656997711625446901 4.64624238162175818 0.00460102390148026466 -0.0434683896019711705 0.000319849593052627223 0.999044156872311184
111.521299999999997 -0.199036273339792125 -0.075807387861951861 5.00706845833842262 0.0015486946291801214 -0.0561200227402414292 -0.00220918044881093312 0.998420384464542621
111.625100000000003 -0.276144040309320937 -0.0871606673301792284 5.36095845676989757 -0.000341768171961676179 -0.0692956765582534578 -0.00493059203295667051 0.997583922117360133
111.728700000000003 -0.34805544209523942 -0.101753341581536608 5.70937584926404096 -0.00147848532226943497 -0.0824877475177782926 -0.00648987040264076016 0.996569850624005271
111.832499999999996 -0.420888744181921126 -0.100860189814618098 6.05509807483526608 -0.00339421200172749724 -0.0956842781728421132 -0.00579182910944585957 0.995389096258843198
111.936400000000006 -0.50842057355257575 -0.103518776618379368 6.39631772636675944 -0.004714359738964417 -0.1059890856908835 -0.00567151678888708124 0.994339943089874945
112.040199999999999 -0.614238271424069948 -0.1046916762598184 6.72975089703516804 -0.00618796750502242747 -0.112751097015088314 -0.00743835932740469045 0.993576152084261532
112.144199999999998 -0.730558107387562328 -0.101532250511184072 7.0577529847996443 -0.00799864660312122298 -0.116118975329656898 -0.0102557454577261176 0.993150152245880435
112.2483 -0.8026795289234675 -0.110193270158696441 7.39381539820570488 -0.00915903231785532117 -0.117259222032928462 -0.0126156149771850055 0.99297896918010331
112.352500000000006 -0.874898465665381209 -0.121458204338571171 7.72451965056867351 -0.00944191333190447409 -0.114811746722908684 -0.0137852731941542524 0.993246736380256068
112.456699999999998 -0.952711480450993964 -0.110444726682969868 8.04928288745503018 -0.00874925474259020952 -0.111201286056029552 -0.0126732887317296643 0.993678575935728059
112.561000000000007 -1.01332706193658284 -0.112561545139561764 8.35341750498605862 -0.0104893934293553148 -0.106227900534211966 -0.00987234635126859814 0.994237467887374771
112.665099999999995 -1.06077029780862242 -0.10791545745012722 8.62495251382540395 -0.0114976405177109504 -0.101415415495890476 -0.00865962863845612732 0.994740030658345153
112.769199999999998 -1.10071063167794825 -0.10293436833064816 8.85625177283978182 -0.0120932724687001468 -0.0966815331991027482 -0.00903595144933750857 0.995200876949309032
112.8733 -1.1387075863356988 -0.096582946283236798 9.05111691831511322 -0.0119815497476300596 -0.0920903899050900115 -0.00881808744449728149 0.995639515028705069
112.977500000000006 -1.16754465669158036 -0.0913390197800978965 9.20989053600208685 -0.0113063360835198232 -0.0871831632844110999 -0.00806816804400349759 0.996095461021936357
113.081599999999995 -1.1643623778601242 -0.0993059986491790225 9.3360284920279728 -0.0107920535731816022 -0.0836863254883819935 -0.00716889711653417167 0.99640791718053856
113.185699999999997 -1.1643623778601242 -0.0993059986491790225 9.3360284920279728 -0.0107920535731816022 -0.0836863254883819935 -0.00716889711653417167 0.99640791718053856
113.289699999999996 -1.1643623778601242 -0.0993059986491790225 9.3360284920279728 -0.0107920535731816022 -0.0836863254883819935 -0.00716889711653417167 0.99640791718053856
113.393699999999995 -1.1643623778601242 -0.0993059986491790225 9.3360284920279728 -0.0107920535731816022 -0.0836863254883819935 -0.00716889711653417167 0.99640791718053856
113.497699999999995 -1.1643623778601242 -0.0993059986491790225 9.3360284920279728 -0.0107920535731816022 -0.0836863254883819935 -0.00716889711653417167 0.99640791718053856
113.601699999999994 -1.1643623778601242 -0.0993059986491790225 9.3360284920279728 -0.0107920535731816022 -0.0836863254883819935 -0.00716889711653417167 0.99640791718053856
113.705699999999993 -1.1643623778601242 -0.0993059986491790225 9.3360284920279728 -0.0107920535731816022 -0.0836863254883819935 -0.00716889711653417167 0.99640791718053856
113.809700000000007 -1.1643623778601242 -0.0993059986491790225 9.3360284920279728 -0.0107920535731816022 -0.0836863254883819935 -0.00716889711653417167 0.99640791718053856
113.913600000000002 -1.1643623778601242 -0.0993059986491790225 9.3360284920279728 -0.0107920535731816022 -0.0836863254883819935 -0.00716889711653417167 0.99640791718053856
114.017600000000002 -1.1643623778601242 -0.0993059986491790225 9.3360284920279728 -0.0107920535731816022 -0.0836863254883819935 -0.00716889711653417167 0.99640791718053856
114.121600000000001 -1.1643623778601242 -0.0993059986491790225 9.3360284920279728 -0.0107920535731816022 -0.0836863254883819935 -0.00716889711653417167 0.99640791718053856
114.2256 -1.1643623778601242 -0.0993059986491790225 9.3360284920279728 -0.0107920535731816022 -0.0836863254883819935 -0.00716889711653417167 0.99640791718053856
114.329599999999999 -1.1643623778601242 -0.0993059986491790225 9.3360284920279728 -0.0107920535731816022 -0.0836863254883819935 -0.00716889711653417167 0.99640791718053856
