113.393699999999995 -1.3463901958680109 -0.0696509327930234096 9.34085837934829932 -0.00671589536476117303 -0.0832328580649785432 -0.0104554174074122826 0.99645264430108349
113.497699999999995 -1.3463901958680109 -0.0696509327930234096 9.34085837934829932 -0.00671589536476117303 -0.0832328580649785432 -0.0104554174074122826 0.99645264430108349
113.601699999999994 -1.3463901958680109 -0.0696509327930234096 9.34085837934829932 -0.00671589536476117303 -0.0832328580649785432 -0.0104554174074122826 0.99645264430108349
113.705699999999993 -1.3463901958680109 -0.0696509327930234096 9.34085837934829932 -0.00671589536476117303 -0.0832328580649785432 -0.0104554174074122826 0.99645264430108349
113.809700000000007 -1.3463901958680109 -0.0696509327930234096 9.34085837934829932 -0.00671589536476117303 -0.0832328580649785432 -0.0104554174074122826 0.99645264430108349
113.913600000000002 -1.3463901958680109 -0.0696509327930234096 9.34085837934829932 -0.00671589536476117303 -0.0832328580649785432 -0.0104554174074122826 0.99645264430108349
114.017600000000002 -1.3463901958680109 -0.0696509327930234096 9.34085837934829932 -0.00671589536476117303 -0.0832328580649785432 -0.0104554174074122826 0.99645264430108349
114.121600000000001 -1.3463901958680109 -0.0696509327930234096 9.34085837934829932 -0.00671589536476117303 -0.0832328580649785432 -0.0104554174074122826 0.99645264430108349
114.2256 -1.3463901958680109 -0.0696509327930234096 9.34085837934829932 -0.00671589536476117303 -0.0832328580649785432 -0.0104554174074122826 0.99645264430108349
114.329599999999999 -1.3463901958680109 -0.0696509327930234096 9.34085837934829932 -0.00671589536476117303 -0.0832328580649785432 -0.0104554174074122826 0.99645264430108349
