110.275999999999996 -0.0305903038889297381 0.00912165227820713187 0.386270832263890251 0.000258900841781850176 0.00173476232057442133 -0.00191320306128934755 0.999996631606372754
110.379999999999995 -0.0450880820079663999 0.00516968334541881985 0.777173761273558639 -0.00043657036335058969 0.00421537008441529287 -0.00432331168597456603 0.999981674350802985
110.483999999999995 -0.0313863676164553018 0.00269816541983912764 1.18824280827174977 -0.000742800707507324811 0.00820247339122518945 -0.00309507159193158493 0.999961293355505876
110.587800000000001 -0.0629677023314078044 0.00251946814709846229 1.55868292976633915 -0.000751584341159984614 0.0125750223371760665 0.00127558082949344432 0.999919835200675067
110.691699999999997 -0.0819644500549866206 0.00361301970937706607 1.94209567464573785 0.00124305884908358709 0.0149890653736944462 0.00519047105860718193 0.99987341285490261
110.795599999999993 -0.0837578209549132979 -0.00516085306861376221 2.33365923665644459 0.00293576726602103131 0.0131765138740229919 0.00688230635646976813 0.999885190715365635
110.899199999999993 -0.0889381643018482826 -0.0104657874426855053 2.72130123380396061 0.0040783025078622321 0.00731018286242779078 0.0050918890157396722 0.999951999518688739
111.002899999999997 -0.111931567198755008 -0.0110076604964968773 3.1038810594105728 0.00603866976429366046 -0.00108707207453647564 0.00269644388844780206 0.999977540713859803
111.1066 -0.140631322181058116 -0.0218084285395503188 3.48071492106799019 0.00746728772535087612 -0.00992370734722551259 -0.00112248876001544949 0.999922246809969328
111.2102 -0.179457395537087422 -0.0296916623105803676 3.86203307124895234 0.00832544553226552062 -0.0193309753599686732 -0.0013106854488406359 0.999777616498777055
111.313999999999993 -0.211363962597862248 -0.0393731757767222107 4.23786051697590249 0.0079782366560920831 -0.030918894715937794 0.000363206840713083384 0.999489988829400433
111.417699999999996 -0.258477076013044149 -0.0556778809166626476 4.60624598232884175 0.00491193299346127151 -0.0431394220570321604 -0.00014767623033947529 0.999056976038195765
111.521299999999997 -0.340646937917148507 -0.0659498200425273629 4.9671198665290639 0.00185284053709854546 -0.0557890429237064486 -0.00267959681406908711 0.998437263643798034
111.625100000000003 -0.417530428029204204 -0.0774676140546085024 5.32105334197441415 -4.47566987067548442e-05 -0.0689632164506613632 -0.00540436119559268863 0.99760456376947515
111.728700000000003 -0.499078924793563028 -0.0818175807346281092 5.670873994110468 -0.00103884014661527295 -0.0819327889050349284 -0.0065888462955391398 0.996615535709677092
111.832499999999996 -0.581966174815097381 -0.0884125950258455584 6.02015084659341415 -0.00265624578441623098 -0.0941837282861494873 -0.00705466480762850356 0.995526293670290552
111.936400000000006 -0.678664260357961791 -0.092427654391607772 6.37586121828383412 -0.00397602130721038966 -0.104232457048027874 -0.00714567594543217069 0.994519343938356282
112.040199999999999 -0.784239481855598553 -0.0995758175009543861 6.7226161128371027 -0.00528592738817431403 -0.110826450310343869 -0.00971229313936650997 0.99377825909265638
112.144199999999998 -0.880529158096559961 -0.111991227142157562 7.06260487476733623 -0.00715026986627457974 -0.114629538669713885 -0.0133604217418152142 0.993292727062918157
112.2483 -0.951720535964464043 -0.121042858232586245 7.39885524889630641 -0.00831772319789046005 -0.115763674900500921 -0.015719457386092324 0.993117558858880201
112.352500000000006 -1.02304066608445066 -0.132684650218084871 7.72974145866666618 -0.00859465518845421543 -0.113313549745154007 -0.0168865119682551738 0.993378586974719369
112.456699999999998 -1.09983853918052632 -0.122000462131961557 8.05475723798493171 -0.00788903374340753361 -0.109705911170756634 -0.0157724379324656883 0.993807630481098658
112.561000000000007 -1.15788004297647351 -0.110616857729758128 8.35331221930483103 -0.00900454622316437629 -0.105921748100643379 -0.0124818915750010018 0.994255351410958554
112.665099999999995 -1.21141560339927645 -0.0975613176386370407 8.61590888303854463 -0.00939068719379550915 -0.101343860077368869 -0.0113228248896493147 0.994742695703348834
112.769199999999998 -1.26626124726843647 -0.0875611017141721681 8.84282012222054092 -0.00938494675832545443 -0.0960817092852314925 -0.0119638216044771224 0.995257300846262516
112.8733 -1.31412274679441587 -0.0690583012127732876 9.05212506719920817 -0.00838168633837455511 -0.0915295419234172375 -0.0118969649914873899 0.995696014109429872
112.977500000000006 -1.34962096978473101 -0.060570478155860169 9.21479692193672051 -0.00724215274029526516 -0.0867243555566312302 -0.0113687341148069609 0.996141149266307591
113.081599999999995 -1.3463901958680109 -0.0696509327930234096 9.34085837934829932 -0.00671589536476117303 -0.0832328580649785432 -0.0104554174074122826 0.99645264430108349
113.185699999999997 -1.3463901958680109 -0.0696509327930234096 9.34085837934829932 -0.00671589536476117303 -0.0832328580649785432 -0.0104554174074122826 0.99645264430108349
113.289699999999996 -1.3463901958680109 -0.0696509327930234096 9.34085837934829932 -0.00671589536476117303 -0.0832328580649785432 -0.0104554174074122826 0.99645264430108349
113.393699999999995 -1.3463901958680109 -0.0696509327930234096 9.34085837934829932 -0.00671589536476117303 -0.0832328580649785432 -0.0104554174074122826 0.99645264430108349
113.497699999999995 -1.3463901958680109 -0.0696509327930234096 9.34085837934829932 -0.00671589536476117303 -0.0832328580649785432 -0.0104554174074122826 0.99645264430108349
113.601699999999994 -1.3463901958680109 -0.0696509327930234096 9.34085837934829932 -0.00671589536476117303 -0.0832328580649785432 -0.0104554174074122826 0.99645264430108349
113.705699999999993 -1.3463901958680109 -0.0696509327930234096 9.34085837934829932 -0.00671589536476117303 -0.0832328580649785432 -0.0104554174074122826 0.99645264430108349
113.809700000000007 -1.3463901958680109 -0.0696509327930234096 9.34085837934829932 -0.00671589536476117303 -0.0832328580649785432 -0.0104554174074122826 0.99645264430108349
113.913600000000002 -1.3463901958680109 -0.0696509327930234096 9.34085837934829932 -0.00671589536476117303 -0.0832328580649785432 -0.0104554174074122826 0.99645264430108349
114.017600000000002 -1.3463901958680109 -0.0696509327930234096 9.34085837934829932 -0.00671589536476117303 -0.0832328580649785432 -0.0104554174074122826 0.99645264430108349
114.121600000000001 -1.3463901958680109 -0.0696509327930234096 9.34085837934829932 -0.00671589536476117303 -0.0832328580649785432 -0.0104554174074122826 0.99645264430108349
114.2256 -1.3463901958680109 -0.0696509327930234096 9.34085837934829932 -0.00671589536476117303 -0.0832328580649785432 -0.0104554174074122826 0.99645264430108349
114.329599999999999 -1.3463901958680109 -0.0696509327930234096 9.34085837934829932 -0.00671589536476117303 -0.0832328580649785432 -0.0104554174074122826 0.99645264430108349
