66.9267600000000016 1.07374874678134025 -0.224386057836043207 11.7286029006330494 0.00135311543597657689 0.0311555776068561628 0.012110229901278427 0.999440264044999527
67.0316100000000006 1.07374874678134025 -0.224386057836043207 11.7286029006330494 0.00135311543597657689 0.0311555776068561628 0.012110229901278427 0.999440264044999527
67.1346499999999935 1.07374874678134025 -0.224386057836043207 11.7286029006330494 0.00135311543597657689 0.0311555776068561628 0.012110229901278427 0.999440264044999527
67.2384700000000066 1.07374874678134025 -0.224386057836043207 11.7286029006330494 0.00135311543597657689 0.0311555776068561628 0.012110229901278427 0.999440264044999527
67.3425199999999933 1.07374874678134025 -0.224386057836043207 11.7286029006330494 0.00135311543597657689 0.0311555776068561628 0.012110229901278427 0.999440264044999527
67.446479999999994 1.07374874678134025 -0.224386057836043207 11.7286029006330494 0.00135311543597657689 0.0311555776068561628 0.012110229901278427 0.999440264044999527
67.5503300000000024 1.1300249141919998 -0.245699520438352081 11.8670817687771333 0.00112745909591725844 0.0283363166922208261 0.011192937284808805 0.999535142027154322
67.6542900000000031 1.18316112320926381 -0.259670340030664137 11.7374301905677161 0.00201759033058223356 0.0281515071095710979 0.011493981042553305 0.999535547330114293
67.7582100000000054 1.18316112320926381 -0.259670340030664137 11.7374301905677161 0.00201759033058223356 0.0281515071095710979 0.011493981042553305 0.999535547330114293
67.8621899999999982 1.28134443778323726 -0.251336695303426949 11.8164650032380099 0.00248739636046623998 0.0231490021916214671 0.0124388715246192497 0.999651544805524872
67.9660800000000052 1.28134443778323726 -0.251336695303426949 11.8164650032380099 0.00248739636046623998 0.0231490021916214671 0.0124388715246192497 0.999651544805524872
68.0701899999999966 1.28134443778323726 -0.251336695303426949 11.8164650032380099 0.00248739636046623998 0.0231490021916214671 0.0124388715246192497 0.999651544805524872
68.1739800000000002 1.28134443778323726 -0.251336695303426949 11.8164650032380099 0.00248739636046623998 0.0231490021916214671 0.0124388715246192497 0.999651544805524872
68.2779299999999978 1.28134443778323726 -0.251336695303426949 11.8164650032380099 0.00248739636046623998 0.0231490021916214671 0.0124388715246192497 0.999651544805524872
68.3817999999999984 1.28134443778323726 -0.251336695303426949 11.8164650032380099 0.00248739636046623998 0.0231490021916214671 0.0124388715246192497 0.999651544805524872
68.4859299999999962 1.28134443778323726 -0.251336695303426949 11.8164650032380099 0.00248739636046623998 0.0231490021916214671 0.0124388715246192497 0.999651544805524872
68.5899799999999971 1.28134443778323726 -0.251336695303426949 11.8164650032380099 0.00248739636046623998 0.0231490021916214671 0.0124388715246192497 0.999651544805524872
68.6939699999999931 1.28134443778323726 -0.251336695303426949 11.8164650032380099 0.00248739636046623998 0.0231490021916214671 0.0124388715246192497 0.999651544805524872
68.7979700000000065 1.28134443778323726 -0.251336695303426949 11.8164650032380099 0.00248739636046623998 0.0231490021916214671 0.0124388715246192497 0.999651544805524872
68.9020600000000059 1.28134443778323726 -0.251336695303426949 11.8164650032380099 0.00248739636046623998 0.0231490021916214671 0.0124388715246192497 0.999651544805524872
