64.5355600000000038 -0.00976992458659665247 -0.000367720383790549128 0.833076995411762611 -0.000100127779931601099 0.00373286941417256624 -0.000589882936365158819 0.99999285382370906
64.6395899999999983 0.0626667160895653108 -0.0285288096900709505 1.64108578360693813 -0.000422877643470070627 0.00681984841490058252 0.00033025294040671361 0.999976600613780353
64.7435799999999944 0.0571532503910441581 -0.0614461024743887391 2.42884761447700148 -0.00148529683389295067 0.0115299414172239847 0.00119416309799989383 0.999931711827725778
64.8475899999999967 0.0988048852739553118 -0.0816453147358319475 3.19203882377162973 -0.0016582956331628216 0.0152153675634002922 0.00275803560529564199 0.99987906062938614
64.9515499999999975 0.174978383842998714 -0.0928562484471951305 3.92689952824702138 -0.00170703930473844112 0.0181406924753638767 0.00388943080702655814 0.999826421745956706
65.055499999999995 0.277011858841341607 -0.13873876569855495 4.63241103184880565 -0.00270645853652850144 0.0201508424142302842 0.00447646951646531958 0.999783266439709495
65.1595200000000006 0.332680631070849331 -0.146449686286181047 5.31622670356972904 -0.00245584908614708509 0.0233206834772418936 0.00487779937268848288 0.999713119650182613
65.2634599999999949 0.385038654363859811 -0.176133412653568799 5.97268695449266218 -0.00244245976258141307 0.0261840821245901446 0.00560893765379099143 0.999638418655463989
65.3674800000000005 0.435803145441611917 -0.186810110625740766 6.60404652047865781 -0.002419674435741584 0.0289139694718584458 0.00548271420088697337 0.99956393862023496
65.4714699999999965 0.506762125391156393 -0.256093668555595899 7.20263702496490499 -0.00352674983869040188 0.0307452975458023664 0.00573439609255885739 0.999504579987430142
65.5753200000000049 0.542719113629404171 -0.266378621311459951 7.78056049316778342 -0.00323308737930151418 0.0332196705513744597 0.00665071543387719434 0.999420716524664465
65.679310000000001 0.588757926562882727 -0.23134525794846944 8.33418029208682043 -0.0032476755905798925 0.0357477141372445004 0.00634296645369239812 0.999335439336456077
65.783299999999997 1.02602734790315342 -0.347421315643116957 8.60069503160382531 -0.00645006106695265608 0.0278700943275013505 0.00772226746110300614 0.999560914171651715
65.8872999999999962 0.891509529175236848 -0.336186025211868522 9.07790922933645383 -0.00631338281391243157 0.034309316448019711 0.00827960777176882552 0.999357023339237038
65.9911699999999968 1.00083403104263402 -0.340474901148370535 9.52841918365894358 -0.00673423497062169973 0.0337736708505898264 0.00825847827507640575 0.999372696631850466
66.0953399999999931 1.13878117240380172 -0.37798554755784719 9.94080929519924616 -0.00733145293398451085 0.0322811311774402268 0.00991418766757486657 0.999402765280681948
66.199079999999995 1.01919864891525047 -0.45136157367263563 10.3171639717912988 -0.00959772710015894398 0.0395887168650986832 0.0119435515381572672 0.999098578073325694
66.3030700000000053 1.01019234968254512 -0.460075925645012207 10.6870917856534522 -0.00865355531462624547 0.0419753808137108969 0.0142228800625558115 0.998979926259125017
66.4070499999999981 0.989357284544067905 -0.489515314590843853 11.0231515295207796 -0.0100553946199548969 0.0430088389819433883 0.0140953591064511847 0.99892464663763425
66.5129299999999972 1.11634084633931141 -0.427503141648091001 11.2967555873593088 -0.00870997985508227719 0.0394532053353948975 0.0146443597702028347 0.999076135020053546
66.6148000000000025 1.00623934266621062 -0.435387978938721831 11.5393177671788791 -0.00813225270053882961 0.0419628031108614866 0.0131281758664029882 0.998999820129870986
66.7188000000000017 1.12602106745713693 -0.28143675762695719 11.6878331901043371 0.00192206711237295443 0.0330277972006937995 0.0146154211543379018 0.999345715823391489
66.8241399999999999 1.11176565335968736 -0.299456197317297224 11.9120291994603384 0.00180084158439975175 0.0325869180166302591 0.0138825355277233907 0.999370864569848694
66.9267600000000016 1.07374874678134025 -0.224386057836043207 11.7286029006330494 0.00135311543597657689 0.0311555776068561628 0.012110229901278427 0.999440264044999527
67.0316100000000006 1.07374874678134025 -0.224386057836043207 11.7286029006330494 0.00135311543597657689 0.0311555776068561628 0.012110229901278427 0.999440264044999527
67.1346499999999935 1.07374874678134025 -0.224386057836043207 11.7286029006330494 0.00135311543597657689 0.0311555776068561628 0.012110229901278427 0.999440264044999527
67.2384700000000066 1.07374874678134025 -0.224386057836043207 11.7286029006330494 0.00135311543597657689 0.0311555776068561628 0.012110229901278427 0.999440264044999527
67.3425199999999933 1.07374874678134025 -0.224386057836043207 11.7286029006330494 0.00135311543597657689 0.0311555776068561628 0.012110229901278427 0.999440264044999527
67.446479999999994 1.07374874678134025 -0.224386057836043207 11.7286029006330494 0.00135311543597657689 0.0311555776068561628 0.012110229901278427 0.999440264044999527
67.5503300000000024 1.1300249141919998 -0.245699520438352081 11.8670817687771333 0.00112745909591725844 0.0283363166922208261 0.011192937284808805 0.999535142027154322
67.6542900000000031 1.18316112320926381 -0.259670340030664137 11.7374301905677161 0.00201759033058223356 0.0281515071095710979 0.011493981042553305 0.999535547330114293
67.7582100000000054 1.18316112320926381 -0.259670340030664137 11.7374301905677161 0.00201759033058223356 0.0281515071095710979 0.011493981042553305 0.999535547330114293
67.8621899999999982 1.28134443778323726 -0.251336695303426949 11.8164650032380099 0.00248739636046623998 0.0231490021916214671 0.0124388715246192497 0.999651544805524872
67.9660800000000052 1.28134443778323726 -0.251336695303426949 11.8164650032380099 0.00248739636046623998 0.0231490021916214671 0.0124388715246192497 0.999651544805524872
68.0701899999999966 1.28134443778323726 -0.251336695303426949 11.8164650032380099 0.00248739636046623998 0.0231490021916214671 0.0124388715246192497 0.999651544805524872
68.1739800000000002 1.28134443778323726 -0.251336695303426949 11.8164650032380099 0.00248739636046623998 0.0231490021916214671 0.0124388715246192497 0.999651544805524872
68.2779299999999978 1.28134443778323726 -0.251336695303426949 11.8164650032380099 0.00248739636046623998 0.0231490021916214671 0.0124388715246192497 0.999651544805524872
68.3817999999999984 1.28134443778323726 -0.251336695303426949 11.8164650032380099 0.00248739636046623998 0.0231490021916214671 0.0124388715246192497 0.999651544805524872
68.4859299999999962 1.28134443778323726 -0.251336695303426949 11.8164650032380099 0.00248739636046623998 0.0231490021916214671 0.0124388715246192497 0.999651544805524872
68.5899799999999971 1.28134443778323726 -0.251336695303426949 11.8164650032380099 0.00248739636046623998 0.0231490021916214671 0.0124388715246192497 0.999651544805524872
68.6939699999999931 1.28134443778323726 -0.251336695303426949 11.8164650032380099 0.00248739636046623998 0.0231490021916214671 0.0124388715246192497 0.999651544805524872
68.7979700000000065 1.28134443778323726 -0.251336695303426949 11.8164650032380099 0.00248739636046623998 0.0231490021916214671 0.0124388715246192497 0.999651544805524872
68.9020600000000059 1.28134443778323726 -0.251336695303426949 11.8164650032380099 0.00248739636046623998 0.0231490021916214671 0.0124388715246192497 0.999651544805524872
