6.734251999999999327e+01 -1.466557999999999993e+02 3.544429000000000052e+00 -8.074617000000000644e+01 -1.987979809586153460e-02 -9.995158106976271828e-01 -2.321513331078142034e-02 5.830555590643896925e-03
6.744647999999999399e+01 -1.466451999999999884e+02 3.553303000000000100e+00 -8.091147999999999740e+01 -1.891995057914282879e-02 -9.995357716850189478e-01 -2.342994175522669295e-02 4.616754429581676478e-03
6.755033000000000243e+01 -1.466314999999999884e+02 3.562075999999999798e+00 -8.106158999999999537e+01 -1.802978040990161832e-02 -9.995653037986397260e-01 -2.310011474070518961e-02 3.242708631661398062e-03
6.765429000000000315e+01 -1.466263999999999896e+02 3.568354999999999944e+00 -8.120216999999999530e+01 -1.832635370263775362e-02 -9.995740286243246508e-01 -2.266925880423216466e-02 1.418014446460235745e-03
6.775821000000000538e+01 -1.466236000000000104e+02 3.574643000000000015e+00 -8.133490000000000464e+01 1.894251314491510532e-02 9.995714027347643027e-01 2.230210124463759269e-02 8.990610018576233658e-04
6.786218999999999824e+01 -1.466171999999999969e+02 3.580245999999999817e+00 -8.146093000000000472e+01 1.914584360740713073e-02 9.995668071315909620e-01 2.206178766780025544e-02 3.593365862037539282e-03
6.796608000000000516e+01 -1.466064000000000078e+02 3.586431999999999842e+00 -8.158004999999999995e+01 1.857697502540602702e-02 9.995608819700166903e-01 2.203292272785185163e-02 6.891266233228371570e-03
6.807018999999999664e+01 -1.465910000000000082e+02 3.591610999999999887e+00 -8.169181000000000381e+01 1.757420981787396683e-02 9.995470750539501292e-01 2.192486797835943926e-02 1.077460275376445134e-02
6.817398000000000025e+01 -1.465742999999999938e+02 3.595944999999999947e+00 -8.179610999999999876e+01 1.654796074237887063e-02 9.995126136444663079e-01 2.204391214671704707e-02 1.465490014105480694e-02
6.827792999999999779e+01 -1.465543999999999869e+02 3.599009000000000125e+00 -8.188799000000000206e+01 1.588596561996276357e-02 9.994546984570472636e-01 2.254107522389025078e-02 1.816154608517939889e-02
6.838179999999999836e+01 -1.465371000000000095e+02 3.601598000000000077e+00 -8.196407000000000664e+01 1.519855276421806616e-02 9.993964609914937069e-01 2.279552805371232518e-02 2.135606827818438413e-02
6.848592999999999620e+01 -1.465218000000000131e+02 3.605125000000000135e+00 -8.202535000000000309e+01 1.483102684342299873e-02 9.993455276929735787e-01 2.288946322404433742e-02 2.376193165836651411e-02
6.858997999999999706e+01 -1.465098000000000127e+02 3.607874999999999943e+00 -8.207268000000000541e+01 1.490433474731804077e-02 9.993019055553493679e-01 2.247863756768498852e-02 2.585098087670895453e-02
6.869396999999999309e+01 -1.464987999999999886e+02 3.610892999999999908e+00 -8.210813000000000272e+01 1.484055359401910239e-02 9.992647743239962965e-01 2.226054675871710908e-02 2.746155170848989940e-02
6.879797000000000651e+01 -1.464896999999999991e+02 3.612360999999999933e+00 -8.213307000000000357e+01 1.496058713220166890e-02 9.992316544132235911e-01 2.229065266429483202e-02 2.855535772972278216e-02
6.890206000000000586e+01 -1.464813000000000045e+02 3.614901000000000142e+00 -8.214790000000000703e+01 1.473269906584606312e-02 9.992140824255592024e-01 2.196529566212495829e-02 2.952441103830186556e-02
6.900603999999999871e+01 -1.464748999999999910e+02 3.616560999999999915e+00 -8.215466000000000690e+01 1.459549852797458261e-02 9.992010438201776035e-01 2.206416831201871154e-02 2.995693455756942222e-02
6.911083000000000709e+01 -1.464699999999999989e+02 3.618714999999999904e+00 -8.215161999999999409e+01 1.456741653519558546e-02 9.992027857956332637e-01 2.210682252606508552e-02 2.988095767435681657e-02
6.921423000000000059e+01 -1.464675000000000011e+02 3.618427000000000060e+00 -8.214449000000000467e+01 1.493500609996238973e-02 9.992073040579713128e-01 2.166772838549006416e-02 2.987002940418377953e-02
6.931819000000000131e+01 -1.464665999999999997e+02 3.617487000000000119e+00 -8.214288999999999419e+01 1.515156422957118776e-02 9.992130049095220290e-01 2.105567553878194900e-02 3.000765650106454116e-02
