7.742819000000000074e+01 -1.453153000000000077e+02 4.089716000000000129e+00 -8.488083000000000311e+01 1.482945280321459371e-02 9.623375673837479827e-01 2.461333942740868974e-02 2.703343804508012704e-01
7.753181999999999618e+01 -1.451254999999999882e+02 4.095105000000000217e+00 -8.509753000000000611e+01 1.361559583407131666e-02 9.561416034914493878e-01 2.324860304294581320e-02 2.916630797331668523e-01
7.763542999999999950e+01 -1.448957000000000050e+02 4.100068000000000268e+00 -8.531851000000000340e+01 1.343654627558273605e-02 9.488691432784441826e-01 2.230107626689690689e-02 3.145941356026112912e-01
7.773908000000000129e+01 -1.446600999999999999e+02 4.109917000000000264e+00 -8.556492000000000075e+01 1.530785536038923450e-02 9.403910220242069906e-01 2.164591438725781136e-02 3.390602448693638138e-01
7.784269000000000460e+01 -1.443963999999999999e+02 4.121088000000000306e+00 -8.581941999999999382e+01 1.766541204750931085e-02 9.310719563997876813e-01 2.036226491607919312e-02 3.638383203987056169e-01
7.794652999999999565e+01 -1.440774999999999864e+02 4.128858000000000139e+00 -8.606535999999999831e+01 1.866755864427884284e-02 9.211960724769637787e-01 1.868118124543791114e-02 3.882014061985789022e-01
7.805025000000000546e+01 -1.437421999999999969e+02 4.134473999999999982e+00 -8.632723000000000013e+01 1.876462689577748297e-02 9.107728176952406551e-01 1.815103508195202095e-02 4.120816706071600000e-01
7.815397000000000105e+01 -1.433706999999999994e+02 4.137690000000000090e+00 -8.659140999999999622e+01 1.929906075580463745e-02 8.995376751612852440e-01 1.845734353225088678e-02 4.360261961042085632e-01
7.825784000000000162e+01 -1.429473999999999876e+02 4.141570999999999891e+00 -8.684062000000000126e+01 1.990142807938558023e-02 8.875534653006612595e-01 1.932175370608278306e-02 4.598689478828834609e-01
7.836155999999999722e+01 -1.425032999999999959e+02 4.143550000000000288e+00 -8.708803000000000338e+01 1.893764602706190375e-02 8.749855789833143049e-01 2.052147404568285122e-02 4.833430161253813306e-01
7.846542999999999779e+01 -1.420099999999999909e+02 4.148159999999999847e+00 -8.731564000000000192e+01 1.854607968446956440e-02 8.615808885804853157e-01 2.276144530210919351e-02 5.067704924015974388e-01
7.856931000000000154e+01 -1.415091999999999928e+02 4.153369999999999784e+00 -8.754335000000000377e+01 1.929429294307538970e-02 8.473032996162692676e-01 2.563642330385918280e-02 5.301392482352115243e-01
7.867306000000000665e+01 -1.409762000000000057e+02 4.156255999999999950e+00 -8.775140000000000384e+01 1.976742814717088667e-02 8.323568307724427129e-01 2.801979874836804663e-02 5.531783129597578341e-01
7.877692999999999302e+01 -1.403920999999999992e+02 4.158656999999999826e+00 -8.792431000000000552e+01 1.946659115420403680e-02 8.170421342987269631e-01 2.966975964088933507e-02 5.754849328803212094e-01
7.888079999999999359e+01 -1.397984999999999900e+02 4.160017999999999994e+00 -8.808758000000000266e+01 1.910113062955100249e-02 8.016859052025966381e-01 3.124266074293644696e-02 5.966227890031257086e-01
7.898485999999999763e+01 -1.391586000000000070e+02 4.162170999999999843e+00 -8.821988000000000341e+01 1.929443283355999905e-02 7.862341106292327630e-01 3.229187357284239029e-02 6.167826870509955928e-01
7.908883000000000152e+01 -1.385086000000000013e+02 4.166045000000000442e+00 -8.833879000000000303e+01 2.083312514419813702e-02 7.716242421326485745e-01 3.258040887719770157e-02 6.349019820471007991e-01
7.919295999999999935e+01 -1.378281000000000063e+02 4.168871000000000215e+00 -8.843332999999999799e+01 2.168179152694865719e-02 7.586194696340031740e-01 3.167720364148560175e-02 6.504021486571677224e-01
7.929706000000000188e+01 -1.371127999999999929e+02 4.171256999999999771e+00 -8.850146999999999764e+01 2.159654796115247077e-02 7.473185878062676979e-01 3.031160531292127064e-02 6.634227340231572123e-01
7.940130999999999517e+01 -1.363791999999999973e+02 4.171706000000000358e+00 -8.856031000000000120e+01 2.203368227624987255e-02 7.380899161552044729e-01 2.869859203298392308e-02 6.737315365415798007e-01
