112.2483 -0.8026795289234675 -0.110193270158696441 7.39381539820570488 -0.00915903231785532117 -0.117259222032928462 -0.0126156149771850055 0.99297896918010331
112.352500000000006 -0.874898465665381209 -0.121458204338571171 7.72451965056867351 -0.00944191333190447409 -0.114811746722908684 -0.0137852731941542524 0.993246736380256068
112.456699999999998 -0.952711480450993964 -0.110444726682969868 8.04928288745503018 -0.00874925474259020952 -0.111201286056029552 -0.0126732887317296643 0.993678575935728059
112.561000000000007 -1.01332706193658284 -0.112561545139561764 8.35341750498605862 -0.0104893934293553148 -0.106227900534211966 -0.00987234635126859814 0.994237467887374771
112.665099999999995 -1.06077029780862242 -0.10791545745012722 8.62495251382540395 -0.0114976405177109504 -0.101415415495890476 -0.00865962863845612732 0.994740030658345153
112.769199999999998 -1.10071063167794825 -0.10293436833064816 8.85625177283978182 -0.0120932724687001468 -0.0966815331991027482 -0.00903595144933750857 0.995200876949309032
112.8733 -1.1387075863356988 -0.096582946283236798 9.05111691831511322 -0.0119815497476300596 -0.0920903899050900115 -0.00881808744449728149 0.995639515028705069
112.977500000000006 -1.16754465669158036 -0.0913390197800978965 9.20989053600208685 -0.0113063360835198232 -0.0871831632844110999 -0.00806816804400349759 0.996095461021936357
113.081599999999995 -1.1643623778601242 -0.0993059986491790225 9.3360284920279728 -0.0107920535731816022 -0.0836863254883819935 -0.00716889711653417167 0.99640791718053856
113.185699999999997 -1.1643623778601242 -0.0993059986491790225 9.3360284920279728 -0.0107920535731816022 -0.0836863254883819935 -0.00716889711653417167 0.99640791718053856
113.289699999999996 -1.1643623778601242 -0.0993059986491790225 9.3360284920279728 -0.0107920535731816022 -0.0836863254883819935 -0.00716889711653417167 0.99640791718053856
113.393699999999995 -1.1643623778601242 -0.0993059986491790225 9.3360284920279728 -0.0107920535731816022 -0.0836863254883819935 -0.00716889711653417167 0.99640791718053856
113.497699999999995 -1.1643623778601242 -0.0993059986491790225 9.3360284920279728 -0.0107920535731816022 -0.0836863254883819935 -0.00716889711653417167 0.99640791718053856
113.601699999999994 -1.1643623778601242 -0.0993059986491790225 9.3360284920279728 -0.0107920535731816022 -0.0836863254883819935 -0.00716889711653417167 0.99640791718053856
113.705699999999993 -1.1643623778601242 -0.0993059986491790225 9.3360284920279728 -0.0107920535731816022 -0.0836863254883819935 -0.00716889711653417167 0.99640791718053856
113.809700000000007 -1.1643623778601242 -0.0993059986491790225 9.3360284920279728 -0.0107920535731816022 -0.0836863254883819935 -0.00716889711653417167 0.99640791718053856
113.913600000000002 -1.1643623778601242 -0.0993059986491790225 9.3360284920279728 -0.0107920535731816022 -0.0836863254883819935 -0.00716889711653417167 0.99640791718053856
114.017600000000002 -1.1643623778601242 -0.0993059986491790225 9.3360284920279728 -0.0107920535731816022 -0.0836863254883819935 -0.00716889711653417167 0.99640791718053856
114.121600000000001 -1.1643623778601242 -0.0993059986491790225 9.3360284920279728 -0.0107920535731816022 -0.0836863254883819935 -0.00716889711653417167 0.99640791718053856
114.2256 -1.1643623778601242 -0.0993059986491790225 9.3360284920279728 -0.0107920535731816022 -0.0836863254883819935 -0.00716889711653417167 0.99640791718053856
