112.2483 -0.951720535964464043 -0.121042858232586245 7.39885524889630641 -0.00831772319789046005 -0.115763674900500921 -0.015719457386092324 0.993117558858880201
112.352500000000006 -1.02304066608445066 -0.132684650218084871 7.72974145866666618 -0.00859465518845421543 -0.113313549745154007 -0.0168865119682551738 0.993378586974719369
112.456699999999998 -1.09983853918052632 -0.122000462131961557 8.05475723798493171 -0.00788903374340753361 -0.109705911170756634 -0.0157724379324656883 0.993807630481098658
112.561000000000007 -1.15788004297647351 -0.110616857729758128 8.35331221930483103 -0.00900454622316437629 -0.105921748100643379 -0.0124818915750010018 0.994255351410958554
112.665099999999995 -1.21141560339927645 -0.0975613176386370407 8.61590888303854463 -0.00939068719379550915 -0.101343860077368869 -0.0113228248896493147 0.994742695703348834
112.769199999999998 -1.26626124726843647 -0.0875611017141721681 8.84282012222054092 -0.00938494675832545443 -0.0960817092852314925 -0.0119638216044771224 0.995257300846262516
112.8733 -1.31412274679441587 -0.0690583012127732876 9.05212506719920817 -0.00838168633837455511 -0.0915295419234172375 -0.0118969649914873899 0.995696014109429872
112.977500000000006 -1.34962096978473101 -0.060570478155860169 9.21479692193672051 -0.00724215274029526516 -0.0867243555566312302 -0.0113687341148069609 0.996141149266307591
113.081599999999995 -1.3463901958680109 -0.0696509327930234096 9.34085837934829932 -0.00671589536476117303 -0.0832328580649785432 -0.0104554174074122826 0.99645264430108349
113.185699999999997 -1.3463901958680109 -0.0696509327930234096 9.34085837934829932 -0.00671589536476117303 -0.0832328580649785432 -0.0104554174074122826 0.99645264430108349
113.289699999999996 -1.3463901958680109 -0.0696509327930234096 9.34085837934829932 -0.00671589536476117303 -0.0832328580649785432 -0.0104554174074122826 0.99645264430108349
113.393699999999995 -1.3463901958680109 -0.0696509327930234096 9.34085837934829932 -0.00671589536476117303 -0.0832328580649785432 -0.0104554174074122826 0.99645264430108349
113.497699999999995 -1.3463901958680109 -0.0696509327930234096 9.34085837934829932 -0.00671589536476117303 -0.0832328580649785432 -0.0104554174074122826 0.99645264430108349
113.601699999999994 -1.3463901958680109 -0.0696509327930234096 9.34085837934829932 -0.00671589536476117303 -0.0832328580649785432 -0.0104554174074122826 0.99645264430108349
113.705699999999993 -1.3463901958680109 -0.0696509327930234096 9.34085837934829932 -0.00671589536476117303 -0.0832328580649785432 -0.0104554174074122826 0.99645264430108349
113.809700000000007 -1.3463901958680109 -0.0696509327930234096 9.34085837934829932 -0.00671589536476117303 -0.0832328580649785432 -0.0104554174074122826 0.99645264430108349
113.913600000000002 -1.3463901958680109 -0.0696509327930234096 9.34085837934829932 -0.00671589536476117303 -0.0832328580649785432 -0.0104554174074122826 0.99645264430108349
114.017600000000002 -1.3463901958680109 -0.0696509327930234096 9.34085837934829932 -0.00671589536476117303 -0.0832328580649785432 -0.0104554174074122826 0.99645264430108349
114.121600000000001 -1.3463901958680109 -0.0696509327930234096 9.34085837934829932 -0.00671589536476117303 -0.0832328580649785432 -0.0104554174074122826 0.99645264430108349
114.2256 -1.3463901958680109 -0.0696509327930234096 9.34085837934829932 -0.00671589536476117303 -0.0832328580649785432 -0.0104554174074122826 0.99645264430108349
