65.2634599999999949 0.373343332407768125 -0.20497687597459735 7.68410013990731411 -0.00220859914138506848 0.0310850300449517676 0.00661439286749103232 0.99949241758201024
65.3674800000000005 0.430322428126247991 -0.215840297115357793 8.31492602375183409 -0.00218914737659841544 0.0338145694915409287 0.00648861966036817263 0.999404662956286383
65.4714699999999965 0.507289060283441118 -0.285255611226179762 8.91275846850309961 -0.0032967967411617425 0.0356444312750655024 0.00674609725665117031 0.999336327680590442
65.5753200000000049 0.548936207222810113 -0.295732272015059083 9.49029632448011284 -0.00300110550842212298 0.0381184389840074495 0.00766145601165074772 0.999239350739817178
65.679310000000001 0.600336732740165302 -0.260859715628696975 10.0434542417041381 -0.00301972063898919276 0.0406460894662770134 0.00735428539388332733 0.999141977491040723
65.783299999999997 1.04042884182653772 -0.376191879152706798 10.3056101723366211 -0.00620746399465634847 0.0327661911747514356 0.00874767553701558641 0.999405484415286649
65.8872999999999962 0.910578909286939964 -0.365439717091970262 10.784126683916389 -0.00607446084551079273 0.0392043375850306339 0.00930563235245437069 0.999169418090083639
65.9911699999999968 1.02432764217258376 -0.36971725114012155 11.2335400666481249 -0.00649487863676984425 0.0386683647994646718 0.00928645921890903885 0.999187838091719738
66.0953399999999931 1.16638903482505074 -0.407142537400657034 11.6445388198894904 -0.00708248358486453927 0.0371750169097058922 0.0109447612851485895 0.999223733077054366
66.199079999999995 1.05065079316983567 -0.480926104894967565 12.0220139956446221 -0.0093460608935599411 0.0444783082907009367 0.0129866165171020169 0.998882214792519485
66.3030700000000053 1.04529256425741757 -0.48982650099350733 12.3920082025684746 -0.0083931019725408413 0.0468647633606309177 0.0152617207123904551 0.998749382815993347
66.4070499999999981 1.02781468266523168 -0.519459883660289057 12.7282422212158686 -0.00979658310234548732 0.0478965821688451532 0.0151412652768658177 0.998689484505508096
66.5129299999999972 1.15735462573200953 -0.457321118321004083 13.0006163977035882 -0.0084449439098620762 0.0443429379885483116 0.0156829812342182094 0.998857562854939873
66.6148000000000025 1.04965467123991441 -0.46553402867223459 13.2442435529120388 -0.007877160315042998 0.0468530526347205115 0.0141644890783652506 0.99877029844370524
66.7188000000000017 1.17058410874370478 -0.311413756580337098 13.3916494003514703 0.00219323733527624102 0.0379294425183125811 0.0156006479613288278 0.999156227465669122
66.8241399999999999 1.15856519726358043 -0.329563322422433191 13.6159659326792859 0.00206885857945466071 0.0374887427370824283 0.0148682888049990122 0.999184291299749283
66.9267600000000016 1.11860193586862455 -0.254485105744461426 13.4329571425949474 0.00161387178260287791 0.0360577301815616577 0.0130979384288105096 0.999262567857386541
67.0316100000000006 1.11860193586862455 -0.254485105744461426 13.4329571425949474 0.00161387178260287791 0.0360577301815616577 0.0130979384288105096 0.999262567857386541
67.1346499999999935 1.11860193586862455 -0.254485105744461426 13.4329571425949474 0.00161387178260287791 0.0360577301815616577 0.0130979384288105096 0.999262567857386541
67.2384700000000066 1.11860193586862455 -0.254485105744461426 13.4329571425949474 0.00161387178260287791 0.0360577301815616577 0.0130979384288105096 0.999262567857386541
