1.86800199999999994 -0.235573676889706346 -0.000188679438085271483 1.05497264275256164 -2.57975461598780997e-05 -0.0830625043710923328 -0.00386913724931691383 0.996536827959225491
1.97174999999999989 -0.324647032785914724 0.000612102588712275871 1.26874365736099137 0.000145439399900281646 -0.10071778028406031 -0.00538501679947473583 0.994900451892601234
2.07549800000000007 -0.415595364043922999 0.00146610463322860343 1.48478459957941422 0.000253585802591507487 -0.119598711617471709 -0.00568541028690747793 0.992806003196773146
2.17912600000000012 -0.513055779747116025 0.00306128742549350869 1.70009765109088229 0.000791930988918359896 -0.139565351695002088 -0.00327049078452202333 0.990207144662967775
2.28287500000000021 -0.620420304487071306 0.000212214036085513549 1.91677519846161282 0.00109167826083680008 -0.160851904757478986 -0.000493089605600823878 0.986977826416129078
2.38650399999999996 -0.729102602785501985 -0.00579395154336343268 2.1432901909787514 -0.000299733338840119698 -0.18506080807811745 -0.000632941531086017107 0.982726822091682828
2.49014399999999991 -0.862785062698326222 -0.0141401656476766117 2.36991971562367754 -0.00122438492678351497 -0.210521671136081973 -0.00343293105530937705 0.977582396449522828
2.59362000000000004 -1.05190780775462667 -0.0254257889097326342 2.55907771366564862 -0.00143347465771341684 -0.234756332892711445 -0.00563371685178629556 0.972036866868539184
2.69732899999999987 -1.23637760960206333 -0.0238379884549341087 2.76251884991435537 -0.00113723765749813507 -0.260583024435982635 -0.00538268466616302101 0.965435767294795855
2.80088999999999988 -1.41074474425779406 -0.0172719838838180199 2.98415227810561978 -0.00166297485681792348 -0.288214092708629355 -0.00255487344141342148 0.95756114368768408
2.90464099999999981 -1.62375134453953618 -0.0242273482799580595 3.18658808674528471 -0.00249515982277875815 -0.315569272676080925 -0.000284975425380461298 0.948899218626064078
3.00824800000000003 -1.84578890794090467 -0.0289435043329914835 3.39394758415043585 -0.00368048351351075173 -0.34360573589190424 0.000231371910872700445 0.939106755789952063
3.1120009999999998 -2.0972038155250412 -0.0344498713620226896 3.58756375265035699 -0.00524103139714901262 -0.37077938434191654 0.000991121569684527172 0.928705657038309207
3.21575100000000003 -2.36499547672603461 -0.0347696093927583535 3.77466946694569394 -0.00595997847675235667 -0.398705818384493704 0.00110627849169472555 0.917058844998949185
3.31937399999999982 -2.65652240219652036 -0.0253327023820787492 3.94400089066008475 -0.00632458190030573027 -0.425960552936849368 0.000715531783982831823 0.904719345996196855
3.42312599999999989 -2.96562890855337491 -0.0226477904196641586 4.11563463512602468 -0.00700465676832205848 -0.452967274286953436 -0.000173859467945246141 0.89149960907534409
3.52689299999999983 -3.29678985568212335 -0.0145523512296552374 4.27166423468063883 -0.0072857924346890323 -0.479551811087467805 -0.000924643630958911912 0.877482833305292753
3.63064799999999988 -3.63971092911523497 0.002290935650127085 4.4413187789083457 -0.00838736442819757767 -0.504877034793458246 -0.00138808361342740894 0.863149410635259517
3.73439500000000013 -4.01334680212184214 -0.00132871020882106144 4.5619494136220986 -0.010093940179205077 -0.528297894499569431 -0.00127754706297690057 0.848998124210226024
3.83825100000000008 -4.410702163504026 -0.00616743579501367184 4.63535265841929789 -0.0105653243155832775 -0.549685590920760303 -0.00103610648403596145 0.835304167079007787
