1.86800199999999994 -0.162293639765846404 0.0635160525619988814 0.954992603083294367 0.00276140996608231597 -0.0837058707620549347 0.00692966405072482829 0.9964625841300363
1.97174999999999989 -0.193792175200994177 0.0695237673918399079 1.08116618686599075 0.00378988700414072902 -0.102167391019761036 0.0110963580932237037 0.994698110888815434
2.07549800000000007 -0.250710040792144651 0.0767408497535000123 1.2350903808809417 0.00492981572510754144 -0.120898024411632124 0.0148087540361718506 0.992542223491865938
2.17912600000000012 -0.319694359788816551 0.0876864745515745225 1.34873761784043222 0.00742887640140113548 -0.139840212272134723 0.0230591222705461459 0.989877671082244892
2.28287500000000021 -0.426870945479211783 0.0777879562341527303 1.56530081125353049 0.00829282526693490493 -0.161117704112894528 0.0256867674244542279 0.986566016265391088
2.38650399999999996 -0.544350603315614023 0.0642962428471656328 1.79557723291054505 0.00772503751792932066 -0.18501906299263432 0.0256109744073947862 0.982370779346870671
2.49014399999999991 -0.673228133354430769 0.0499606389529207787 2.0274646576901425 0.00755084834939505432 -0.21151182194509946 0.0233524510577272845 0.977067242771072264
2.59362000000000004 -0.816153849273864807 0.0338933902347602345 2.25817629788322138 0.00817399159864891367 -0.239073901480986312 0.0222475016983282176 0.970712060376396013
2.69732899999999987 -0.968014053381304973 0.0255148955144964135 2.49187317314142032 0.00950347242123219561 -0.267569207736247372 0.0222310994132392491 0.963235267887453617
2.80088999999999988 -1.14566115266684121 0.0203778903010151703 2.71092455033125113 0.00974642908108485848 -0.29515366466579962 0.0247380801688203422 0.955079760409609513
2.90464099999999981 -1.344487341677151 0.00860714858402961136 2.91292352353973616 0.0101290056865243928 -0.322522002865613999 0.0266960925827425324 0.946131216878593917
3.00824800000000003 -1.56493761250698915 -0.00391568420757507085 3.11751118708903929 0.0101146120008503444 -0.349734296493102115 0.0271617852701803199 0.936400477307377188
3.1120009999999998 -1.81805040576971133 -0.026010418359820757 3.30770249379750103 0.0093280711307464001 -0.37687613189211705 0.0274979501643765646 0.925808420266187038
3.21575100000000003 -2.09283190540741959 -0.0386111086701323714 3.49241225594787608 0.00953397910802706618 -0.404344584073665414 0.0275478512974971015 0.914142043919626945
3.31937399999999982 -2.38930936437903618 -0.0529169097462641874 3.6522470141675063 0.00977829229663203063 -0.43098932289632863 0.0271020627058482025 0.901896926896978646
3.42312599999999989 -2.69985397936246629 -0.0704320260449527724 3.82037626822408694 0.00989056416286653722 -0.457926987097202864 0.0257130906634350752 0.888562821750467191
3.52689299999999983 -3.03257219544151457 -0.0837937721509048189 3.97268646947875625 0.0103851748375378729 -0.484426419125171648 0.0244417588380894321 0.874428838169269307
3.63064799999999988 -3.38389249084264199 -0.102918003970367766 4.1241195180949326 0.00953872519528682281 -0.510063609629071602 0.023650363877946716 0.859758563285211941
3.73439500000000013 -3.75481382339606728 -0.121028369320645854 4.27105462392449908 0.00862329976419713012 -0.534371343904116114 0.0239340872109419442 0.844866891873900294
3.83825100000000008 -4.16159177091960952 -0.132065801812798977 4.42386933059900933 0.00936422831050087723 -0.557323460019934269 0.0240481682163085179 0.829894305164818991
