7.316746000000000549e+01 -1.464853999999999985e+02 3.763250999999999902e+00 -8.213382000000000005e+01 1.617655525049031123e-02 9.991091987920042161e-01 2.109959057132173091e-02 3.277095096499984400e-02
7.327173000000000513e+01 -1.464849000000000103e+02 3.763443999999999789e+00 -8.213351000000000113e+01 1.613484472236455247e-02 9.991100718739032160e-01 2.111468689769426324e-02 3.275516849478007225e-02
7.337530999999999892e+01 -1.464850999999999885e+02 3.764353999999999978e+00 -8.213339000000000567e+01 1.614859425954592864e-02 9.991095679618444692e-01 2.112011908045167280e-02 3.276026069133957525e-02
7.347943999999999676e+01 -1.464850999999999885e+02 3.765829000000000093e+00 -8.213303999999999405e+01 1.616557465006548261e-02 9.991092479954747363e-01 2.115213195922505465e-02 3.274098470923297172e-02
7.358346000000000231e+01 -1.464800999999999931e+02 3.769760000000000222e+00 -8.213366999999999507e+01 1.611214818622765110e-02 9.991085604524290176e-01 2.115096110089226267e-02 3.278902188245225169e-02
7.368760000000000332e+01 -1.464764000000000124e+02 3.772635999999999878e+00 -8.213276000000000465e+01 1.607781371933320394e-02 9.991067840460177152e-01 2.118421816978183908e-02 3.283849691697512257e-02
7.379156000000000404e+01 -1.464732999999999947e+02 3.773749000000000020e+00 -8.213226000000000226e+01 1.608995868438754459e-02 9.991073042757259159e-01 2.113527503794055892e-02 3.284825598867448238e-02
7.389566000000000656e+01 -1.464721000000000117e+02 3.774659999999999904e+00 -8.213188999999999851e+01 1.610590336292453545e-02 9.991063250360062709e-01 2.114959081233507010e-02 3.286100969813107037e-02
7.399956000000000245e+01 -1.464755000000000109e+02 3.775065999999999811e+00 -8.213281000000000631e+01 1.610040297735716719e-02 9.991082116791960566e-01 2.116089582031619246e-02 3.279900710764740990e-02
7.410367999999999711e+01 -1.464771000000000072e+02 3.775151000000000145e+00 -8.213308000000000675e+01 1.610632883813847491e-02 9.991085249379219047e-01 2.116855720361082022e-02 3.278160694116298568e-02
7.420770000000000266e+01 -1.464774999999999920e+02 3.776019999999999932e+00 -8.213321999999999434e+01 1.613777720998903209e-02 9.991073917582490305e-01 2.116837325948637064e-02 3.280079045232319607e-02
7.431171000000000504e+01 -1.464764999999999873e+02 3.778252999999999862e+00 -8.213317999999999586e+01 1.613390170172378582e-02 9.991078298774880295e-01 2.113569746583381093e-02 3.281042191147268139e-02
