8.211017999999999972e+01 -1.097745000000000033e+02 3.771694000000000102e+00 -8.734288999999999703e+01 2.062672055696033319e-02 6.794656742556920426e-01 2.503945367768867919e-02 7.329897418564914613e-01
8.221417999999999893e+01 -1.085794000000000068e+02 3.750573999999999852e+00 -8.724707999999999686e+01 2.040305367476430778e-02 6.795860056595616205e-01 2.527442934173407610e-02 7.328763739771373409e-01
8.231817999999999813e+01 -1.073856999999999999e+02 3.726738000000000106e+00 -8.714676000000000045e+01 2.039738092267079014e-02 6.797750968617150003e-01 2.543834341024702947e-02 7.326954723639854672e-01
8.242220000000000368e+01 -1.061975999999999942e+02 3.701745999999999981e+00 -8.704988000000000170e+01 2.056872227006189061e-02 6.799830157311899104e-01 2.475262702496000555e-02 7.325212170556273383e-01
8.252617999999999654e+01 -1.050099000000000018e+02 3.677172000000000107e+00 -8.695296000000000447e+01 2.141257041001957614e-02 6.801656618163031132e-01 2.393475322337713929e-02 7.323546285117357169e-01
8.263017999999999574e+01 -1.038211000000000013e+02 3.653223999999999805e+00 -8.685966000000000520e+01 2.150393518320522709e-02 6.803023675101663725e-01 2.377892954374827283e-02 7.322300403844765881e-01
8.273404999999999632e+01 -1.026321999999999974e+02 3.628732999999999986e+00 -8.676400999999999897e+01 2.032872746707937994e-02 6.804910789348418421e-01 2.424141444609157620e-02 7.320730756934831218e-01
8.283807000000000187e+01 -1.014445999999999941e+02 3.607238999999999862e+00 -8.667221999999999582e+01 1.955326232437995526e-02 6.806748609918218396e-01 2.511544931611977421e-02 7.318938568890206442e-01
8.294205999999999790e+01 -1.002617000000000047e+02 3.588697999999999944e+00 -8.657200000000000273e+01 1.984066929664135212e-02 6.807706620977883594e-01 2.437976362644421816e-02 7.318218913057462638e-01
8.304604999999999393e+01 -9.908436000000000377e+01 3.569431999999999938e+00 -8.648067000000000348e+01 2.095891164294385114e-02 6.809047354018198384e-01 2.398385627166866457e-02 7.316790553025697141e-01
8.314992999999999768e+01 -9.791011000000000308e+01 3.547496000000000205e+00 -8.638625999999999294e+01 2.146689427598041586e-02 6.809662271730130279e-01 2.352625764999510816e-02 7.316219550429595708e-01
8.325396000000000640e+01 -9.673614000000000601e+01 3.526823999999999959e+00 -8.629386999999999830e+01 2.017805733653556255e-02 6.810949387443551162e-01 2.376680234302982683e-02 7.315310448130919463e-01
8.335792999999999608e+01 -9.556279000000000678e+01 3.506517000000000106e+00 -8.620143000000000200e+01 1.885297099313085548e-02 6.811747447635322361e-01 2.446302499434329855e-02 7.314691333126743800e-01
8.346192999999999529e+01 -9.439230000000000587e+01 3.490095000000000169e+00 -8.611023000000000138e+01 1.726868965416137117e-02 6.813516718856154064e-01 2.475628796265707740e-02 7.313335885781637735e-01
8.356592999999999449e+01 -9.322888000000000375e+01 3.474063999999999819e+00 -8.601752000000000464e+01 1.669685036665508049e-02 6.815315406775315221e-01 2.345541718144929580e-02 7.312221397457741023e-01
8.366980999999999824e+01 -9.207076999999999600e+01 3.457332000000000072e+00 -8.593007000000000062e+01 1.694746248999115523e-02 6.815906342771296256e-01 2.263762331653844384e-02 7.311870682605297045e-01
8.377369000000000199e+01 -9.091482000000000596e+01 3.439932000000000212e+00 -8.584439999999999316e+01 1.699457172115253351e-02 6.816435578990309718e-01 2.232491539185384524e-02 7.311462525784502287e-01
8.387756000000000256e+01 -8.976082999999999856e+01 3.420498999999999956e+00 -8.575749999999999318e+01 1.642944174213180689e-02 6.817417414987443358e-01 2.210336262848191374e-02 7.310743551122654837e-01
8.398156000000000176e+01 -8.860756000000000654e+01 3.402298000000000044e+00 -8.567405999999999722e+01 1.613788314595198878e-02 6.817430380428415315e-01 2.297489196637717696e-02 7.310527704255127546e-01
8.408557999999999311e+01 -8.745821999999999719e+01 3.383824999999999861e+00 -8.559117999999999427e+01 1.649853126677861340e-02 6.817236565986438679e-01 2.323834201081615564e-02 7.310544671639738201e-01
