67.7582100000000054 1.18316112320926381 -0.259670340030664137 11.7374301905677161 0.00201759033058223356 0.0281515071095710979 0.011493981042553305 0.999535547330114293
67.8621899999999982 1.28134443778323726 -0.251336695303426949 11.8164650032380099 0.00248739636046623998 0.0231490021916214671 0.0124388715246192497 0.999651544805524872
67.9660800000000052 1.28134443778323726 -0.251336695303426949 11.8164650032380099 0.00248739636046623998 0.0231490021916214671 0.0124388715246192497 0.999651544805524872
68.0701899999999966 1.28134443778323726 -0.251336695303426949 11.8164650032380099 0.00248739636046623998 0.0231490021916214671 0.0124388715246192497 0.999651544805524872
68.1739800000000002 1.28134443778323726 -0.251336695303426949 11.8164650032380099 0.00248739636046623998 0.0231490021916214671 0.0124388715246192497 0.999651544805524872
68.2779299999999978 1.28134443778323726 -0.251336695303426949 11.8164650032380099 0.00248739636046623998 0.0231490021916214671 0.0124388715246192497 0.999651544805524872
68.3817999999999984 1.28134443778323726 -0.251336695303426949 11.8164650032380099 0.00248739636046623998 0.0231490021916214671 0.0124388715246192497 0.999651544805524872
68.4859299999999962 1.28134443778323726 -0.251336695303426949 11.8164650032380099 0.00248739636046623998 0.0231490021916214671 0.0124388715246192497 0.999651544805524872
68.5899799999999971 1.28134443778323726 -0.251336695303426949 11.8164650032380099 0.00248739636046623998 0.0231490021916214671 0.0124388715246192497 0.999651544805524872
68.6939699999999931 1.28134443778323726 -0.251336695303426949 11.8164650032380099 0.00248739636046623998 0.0231490021916214671 0.0124388715246192497 0.999651544805524872
68.7979700000000065 1.28134443778323726 -0.251336695303426949 11.8164650032380099 0.00248739636046623998 0.0231490021916214671 0.0124388715246192497 0.999651544805524872
68.9020600000000059 1.28134443778323726 -0.251336695303426949 11.8164650032380099 0.00248739636046623998 0.0231490021916214671 0.0124388715246192497 0.999651544805524872
69.0060399999999987 1.28134443778323726 -0.251336695303426949 11.8164650032380099 0.00248739636046623998 0.0231490021916214671 0.0124388715246192497 0.999651544805524872
69.1108300000000071 1.28134443778323726 -0.251336695303426949 11.8164650032380099 0.00248739636046623998 0.0231490021916214671 0.0124388715246192497 0.999651544805524872
69.2142300000000006 1.28134443778323726 -0.251336695303426949 11.8164650032380099 0.00248739636046623998 0.0231490021916214671 0.0124388715246192497 0.999651544805524872
69.3181900000000013 1.28134443778323726 -0.251336695303426949 11.8164650032380099 0.00248739636046623998 0.0231490021916214671 0.0124388715246192497 0.999651544805524872
69.4223300000000023 1.28134443778323726 -0.251336695303426949 11.8164650032380099 0.00248739636046623998 0.0231490021916214671 0.0124388715246192497 0.999651544805524872
69.5263199999999983 1.28134443778323726 -0.251336695303426949 11.8164650032380099 0.00248739636046623998 0.0231490021916214671 0.0124388715246192497 0.999651544805524872
69.6303199999999975 1.28134443778323726 -0.251336695303426949 11.8164650032380099 0.00248739636046623998 0.0231490021916214671 0.0124388715246192497 0.999651544805524872
69.7343299999999999 1.28134443778323726 -0.251336695303426949 11.8164650032380099 0.00248739636046623998 0.0231490021916214671 0.0124388715246192497 0.999651544805524872
