6.526345999999999492e+01 -1.465063000000000102e+02 3.436510999999999871e+00 -7.334850000000000136e+01 1.701945650541514601e-02 9.995758451247006571e-01 2.329075165539330056e-02 4.001103701128858742e-03
6.536748000000000047e+01 -1.464989999999999952e+02 3.443175000000000097e+00 -7.398190999999999917e+01 1.745510575622173655e-02 9.995799254520548738e-01 2.311359783875577625e-02 1.026406962027956969e-03
6.547146999999999650e+01 -1.464960000000000093e+02 3.451188999999999840e+00 -7.458859999999999957e+01 -1.802697951153264810e-02 -9.995749713325273733e-01 -2.284864161982157540e-02 1.686496782290985898e-03
6.557532000000000494e+01 -1.464996999999999900e+02 3.454673000000000105e+00 -7.516770999999999958e+01 -1.907609711855799001e-02 -9.995564484956250828e-01 -2.250049308921590191e-02 4.091039021877361341e-03
6.567931000000000097e+01 -1.465087000000000046e+02 3.458263000000000087e+00 -7.572426000000000101e+01 -1.993849366158100336e-02 -9.995109654645635278e-01 -2.323306530320369198e-02 6.364830179949003755e-03
6.578329999999999700e+01 -1.465201000000000136e+02 3.460679999999999978e+00 -7.624921000000000504e+01 -2.019930982787125975e-02 -9.994671836344624083e-01 -2.422793669587031129e-02 8.387121302030913286e-03
6.588729999999999620e+01 -1.465310000000000059e+02 3.464948000000000139e+00 -7.674500999999999351e+01 -2.064130948611921437e-02 -9.994293631750984508e-01 -2.468837643808598215e-02 1.026491280855237366e-02
6.599116999999999678e+01 -1.465458000000000141e+02 3.469094999999999818e+00 -7.720835999999999899e+01 -2.085248305397558594e-02 -9.994002809879047877e-01 -2.500026328823289762e-02 1.179996386860071231e-02
6.609533999999999310e+01 -1.465623999999999967e+02 3.474975000000000147e+00 -7.764446999999999832e+01 -2.158396218065299077e-02 -9.993610088796430757e-01 -2.533013846276136252e-02 1.304187843463120236e-02
6.619907999999999504e+01 -1.465827999999999918e+02 3.481100000000000083e+00 -7.804555999999999472e+01 -2.270937518688466092e-02 -9.993158441765140898e-01 -2.561554496041687154e-02 1.399898970582148100e-02
6.630307000000000528e+01 -1.465981999999999914e+02 3.487734999999999808e+00 -7.841531999999999414e+01 -2.329365778074495713e-02 -9.992851824331548949e-01 -2.594821105904580177e-02 1.460205531991348032e-02
6.640704999999999814e+01 -1.466146999999999991e+02 3.489838000000000218e+00 -7.875289999999999679e+01 -2.317337169020048521e-02 -9.992708658070403871e-01 -2.651102581497888008e-02 1.476133815050611510e-02
6.651292999999999722e+01 -1.466266999999999996e+02 3.492332999999999910e+00 -7.906059999999999377e+01 -2.266770243644190136e-02 -9.992792879351600766e-01 -2.675374511515872522e-02 1.453674971808268865e-02
6.661480000000000246e+01 -1.466357999999999890e+02 3.493390000000000217e+00 -7.932693999999999335e+01 -2.196598099789429798e-02 -9.993100065146188760e-01 -2.647728135503951349e-02 1.399857602039258735e-02
6.671880000000000166e+01 -1.466443999999999903e+02 3.496767999999999876e+00 -7.957192999999999472e+01 -2.110431153678099872e-02 -9.993484167456022638e-01 -2.616737583334400458e-02 1.313843311103801009e-02
6.682413999999999987e+01 -1.466502000000000123e+02 3.501774999999999860e+00 -7.979716999999999416e+01 -2.030612764241851095e-02 -9.993892474420479344e-01 -2.582789789136515080e-02 1.190432559620888293e-02
6.692676000000000158e+01 -1.466573999999999955e+02 3.507397999999999794e+00 -7.999876999999999327e+01 -1.978533637856929456e-02 -9.994295708475452455e-01 -2.520555789209297584e-02 1.066551598502286057e-02
6.703161000000000058e+01 -1.466613000000000113e+02 3.513405000000000111e+00 -8.019576000000000704e+01 -1.963599682087423595e-02 -9.994797119407646813e-01 -2.386103565662432355e-02 9.240347669335258543e-03
6.713464999999999350e+01 -1.466636000000000024e+02 3.523785000000000167e+00 -8.038466999999999985e+01 -1.988354130113830290e-02 -9.995092127036316887e-01 -2.281690332857779641e-02 8.085012578032391845e-03
6.723847000000000662e+01 -1.466634999999999991e+02 3.531967999999999996e+00 -8.056987999999999772e+01 -2.030975994465581899e-02 -9.995113280079224172e-01 -2.271638603555304128e-02 6.970268309995630678e-03
