8.106968000000000529e+01 -1.214602000000000004e+02 3.960347000000000062e+00 -8.829428000000000054e+01 2.380031581228432558e-02 6.870287684677829354e-01 1.973134903096518747e-02 7.259722378509352314e-01
8.117378999999999678e+01 -1.203502000000000010e+02 3.940653999999999879e+00 -8.821077999999999975e+01 2.355660319115473328e-02 6.850385875554626525e-01 1.946163730017406307e-02 7.278656913742449497e-01
8.127781000000000233e+01 -1.192270999999999930e+02 3.920263999999999971e+00 -8.813057000000000585e+01 2.300902544573536421e-02 6.830905769778123915e-01 2.054580921882364838e-02 7.296819294156186020e-01
8.138181000000000154e+01 -1.180866000000000042e+02 3.901848999999999901e+00 -8.804054999999999609e+01 2.202129336542147167e-02 6.811300825863196851e-01 2.222103817422407118e-02 7.314937448105263140e-01
8.148592999999999620e+01 -1.169300999999999959e+02 3.883303000000000171e+00 -8.794867999999999597e+01 2.115684616343094238e-02 6.794465265739908499e-01 2.321227489103023719e-02 7.330525190471275376e-01
8.158992999999999540e+01 -1.157613999999999947e+02 3.867980999999999892e+00 -8.784857999999999834e+01 2.129226795068652617e-02 6.786214110418138379e-01 2.309849931079221291e-02 7.338161071622260057e-01
8.169405000000000427e+01 -1.145794000000000068e+02 3.849717000000000056e+00 -8.774506999999999834e+01 2.166795289389414347e-02 6.786090690608408416e-01 2.195717634054043799e-02 7.338515610209720430e-01
8.179806000000000665e+01 -1.133837000000000046e+02 3.830963000000000118e+00 -8.763924000000000092e+01 2.167419176775122955e-02 6.789639814513726002e-01 2.160233410539501298e-02 7.335335578309372107e-01
8.190218000000000131e+01 -1.121817000000000064e+02 3.812180000000000124e+00 -8.753924000000000660e+01 2.108534658558213967e-02 6.791817049276418494e-01 2.276014290488390102e-02 7.333141180598508058e-01
8.200618000000000052e+01 -1.109750999999999976e+02 3.791844999999999910e+00 -8.743868000000000507e+01 2.071718783445625559e-02 6.792915102710538333e-01 2.407508095370337192e-02 7.331809003779181655e-01
8.211017999999999972e+01 -1.097745000000000033e+02 3.771694000000000102e+00 -8.734288999999999703e+01 2.062672055696033319e-02 6.794656742556920426e-01 2.503945367768867919e-02 7.329897418564914613e-01
8.221417999999999893e+01 -1.085794000000000068e+02 3.750573999999999852e+00 -8.724707999999999686e+01 2.040305367476430778e-02 6.795860056595616205e-01 2.527442934173407610e-02 7.328763739771373409e-01
8.231817999999999813e+01 -1.073856999999999999e+02 3.726738000000000106e+00 -8.714676000000000045e+01 2.039738092267079014e-02 6.797750968617150003e-01 2.543834341024702947e-02 7.326954723639854672e-01
8.242220000000000368e+01 -1.061975999999999942e+02 3.701745999999999981e+00 -8.704988000000000170e+01 2.056872227006189061e-02 6.799830157311899104e-01 2.475262702496000555e-02 7.325212170556273383e-01
8.252617999999999654e+01 -1.050099000000000018e+02 3.677172000000000107e+00 -8.695296000000000447e+01 2.141257041001957614e-02 6.801656618163031132e-01 2.393475322337713929e-02 7.323546285117357169e-01
8.263017999999999574e+01 -1.038211000000000013e+02 3.653223999999999805e+00 -8.685966000000000520e+01 2.150393518320522709e-02 6.803023675101663725e-01 2.377892954374827283e-02 7.322300403844765881e-01
8.273404999999999632e+01 -1.026321999999999974e+02 3.628732999999999986e+00 -8.676400999999999897e+01 2.032872746707937994e-02 6.804910789348418421e-01 2.424141444609157620e-02 7.320730756934831218e-01
8.283807000000000187e+01 -1.014445999999999941e+02 3.607238999999999862e+00 -8.667221999999999582e+01 1.955326232437995526e-02 6.806748609918218396e-01 2.511544931611977421e-02 7.318938568890206442e-01
8.294205999999999790e+01 -1.002617000000000047e+02 3.588697999999999944e+00 -8.657200000000000273e+01 1.984066929664135212e-02 6.807706620977883594e-01 2.437976362644421816e-02 7.318218913057462638e-01
8.304604999999999393e+01 -9.908436000000000377e+01 3.569431999999999938e+00 -8.648067000000000348e+01 2.095891164294385114e-02 6.809047354018198384e-01 2.398385627166866457e-02 7.316790553025697141e-01
