29.8328999999999986 -0.325384552680218153 -0.00946876393218439374 6.93724174489387213 -0.00615964084141148917 -0.0135829612792883834 0.00666206173702549396 0.999866580560127671
29.9367699999999992 -0.344637200033832913 -0.00451029796280773623 7.54683992104592605 -0.00635262453077774063 -0.0150136988230747791 0.00679387399634458385 0.999844025978723683
30.0407699999999984 -0.369389361482142742 -0.0190147189554223106 8.13529394403062156 -0.00730505216758367375 -0.0161459751125927545 0.00719520074294423793 0.999817069661626201
30.1446499999999986 -0.389317986852928954 -0.0430484876020249055 8.69723880212818123 -0.00794856960042614365 -0.0174755320190306505 0.0079423608334186855 0.999784149167384451
30.2485199999999992 -0.365787478052554349 -0.0213043554384376513 9.23560411410291593 -0.00731887853268312766 -0.0201340055922609729 0.0100443373444210112 0.999720044373996863
30.3523999999999994 -0.355897403014180047 -0.0554855803449822785 9.74875502667904925 -0.0074755793487802551 -0.0220523561200093622 0.0101000017331680184 0.999677847742934889
30.45627 -0.314585382801949032 -0.034929396835523728 10.2403541063204901 -0.00516291792992603499 -0.0249359815418584395 0.00956654499513171636 0.999629942688717743
30.5602699999999992 -0.317719104195718582 -0.0574042807226939067 10.7109982096580811 -0.00352212383623583215 -0.0270387486640376457 0.00977424797337207024 0.99958039436101398
30.66404 -0.33569547902593655 -0.0675505966586228135 11.1621717191933136 -0.00263290628896211158 -0.0295066388571612846 0.0107811287246596318 0.999502973147778584
30.7679000000000009 -0.347048970328453665 -0.0640513540421859956 11.5986310473976708 -0.00268943884132905476 -0.0324128646629216893 0.0132859292691642657 0.999382638035360649
30.8717900000000007 -0.368541970927878715 -0.0827253397190862161 12.0134826458492316 -0.00373985762088604318 -0.0359219222082209216 0.0132376524208366372 0.999259922907061893
30.9756500000000017 -0.419077671795639539 -0.0844081449159565511 12.4087784287820533 -0.00433139588847317701 -0.0390492407500914462 0.0113845670582388182 0.999163043471582357
31.0795400000000015 -0.464517709713227034 -0.0930233578764107782 12.7860806367799746 -0.00652055101327333238 -0.0422500793339160921 0.00913607376052480089 0.999044015730539914
31.1832700000000003 -0.466474431083651164 -0.110062353139913804 13.1482516326878809 -0.0105754249079252662 -0.0470054339718649142 0.00864387719354630345 0.998801247972886941
31.2871400000000008 -0.50924223151888226 -0.109987698385725613 13.4854194022712335 -0.0124382845735980588 -0.0510592899828335098 0.00892180702720805387 0.998578309068790304
31.3908999999999985 -0.547927701015505142 -0.112155173335987637 13.8002527773419388 -0.0130485289757952469 -0.055743957588007001 0.010979812604463653 0.998299449463519117
31.4946599999999997 -0.577188921428624546 -0.111819682485210306 14.1008731876534092 -0.0135121265672132965 -0.0622491653260531866 0.012625427853901753 0.997889303692221841
31.5983899999999984 -0.631054768897196583 -0.121849024769859399 14.3803528753466647 -0.0143039995778239965 -0.0692087649969898577 0.0139045644446306182 0.997402729859545811
31.7021499999999996 -0.697890765663454982 -0.129515213341594881 14.6422276290540321 -0.0147367428128629494 -0.0769465818812630764 0.0138725201000787206 0.996829777411434748
31.805769999999999 -0.767363736357212778 -0.137063733959415818 14.886396584581707 -0.0145773776808994764 -0.0862961602020898971 0.0127922449446648684 0.996080735313960131
