29.8328999999999986 -0.296608976836327309 -0.0262511561145205956 6.93325714100219592 -0.00650334921751320044 -0.0142627142096442578 0.00680963757747191176 0.999853944468087175
29.9367699999999992 -0.316693657950955276 -0.0208824795165936591 7.5428249961905367 -0.00669620439962576811 -0.0156934193809214161 0.00694180320567225687 0.999830330007560275
30.0407699999999984 -0.342243319068641916 -0.0349927308818220109 8.13125451662161502 -0.00764872931700740898 -0.0168256801853730563 0.00734286340805282919 0.999802218332758841
30.1446499999999986 -0.362930529055679518 -0.0586489907745865804 8.69318797922875675 -0.00829254864352328008 -0.0181550540216341809 0.00809003372203364463 0.999768062604943664
30.2485199999999992 -0.340139971220488224 -0.0365306382320491341 9.23156987920308758 -0.00766387657123247454 -0.0208126732321039162 0.0101933362359548033 0.999702052376214345
30.3523999999999994 -0.330939044725554909 -0.0703588503425792156 9.74475700278973278 -0.00782031855922900483 -0.0227309985036376304 0.0102495422239387377 0.999658487288964004
30.45627 -0.29030292330595292 -0.0494551098667991296 10.2363977599172262 -0.00550685374127851245 -0.0256144321193773547 0.00971863795577145549 0.999609485501892769
30.5602699999999992 -0.294071303755386426 -0.0716098228789280172 10.7070523897915102 -0.00386587528453279615 -0.0277168525265137355 0.00992816881145277934 0.999559034053696838
30.66404 -0.312659416749215713 -0.0814536301579434768 11.1582078120120887 -0.00297695431779442616 -0.0301842148158503812 0.010936485698815895 0.999480086944957713
30.7679000000000009 -0.324608613928010103 -0.0776599688280368017 11.5946487776199696 -0.00303472442303153074 -0.0330895114130474524 0.0134422209216852068 0.999357384211881916
30.8717900000000007 -0.346661353727129362 -0.096057260099668737 12.0094833613938672 -0.00408455173837783594 -0.0365986553577380067 0.0133944078162837998 0.999231927383404384
30.9756500000000017 -0.397735113112107852 -0.0974852784615571205 12.4047109879153972 -0.00467433420968947806 -0.0397266263153893892 0.011541972882492391 0.999132988457129056
31.0795400000000015 -0.443686660616917306 -0.105856476352214138 12.7819567346484799 -0.00686144532305341549 -0.0429284722281108172 0.00929306363951603806 0.999011364203846841
31.1832700000000003 -0.446131841744117408 -0.122648959100253099 13.1441362757706255 -0.0109152000768364434 -0.0476844247132462776 0.00879969186032652541 0.998764045943892009
31.2871400000000008 -0.489359023552531636 -0.122356884942925459 13.4812453391593188 -0.0127775758806035998 -0.0517383069364544396 0.00907770303737149079 0.998537669022821595
31.3908999999999985 -0.528472788264344295 -0.124320973708665697 13.7960271259920937 -0.0133884375011953348 -0.0564221707457189178 0.01113684973595702 0.998255107158273591
31.4946599999999997 -0.558143682968968435 -0.123789015800439439 14.0966070948826108 -0.013852058723355154 -0.0629266038396265603 0.0127843080069204897 0.997840129713733148
31.5983899999999984 -0.612387330239419381 -0.133643564051523556 14.376019921490224 -0.0146436126689687886 -0.0698855500228153237 0.0140652079023592235 0.997348356610002762
31.7021499999999996 -0.670809873726318839 -0.140270485034423298 14.6426303876550268 -0.0151697698031280966 -0.0781028579435076725 0.0141139686579291202 0.99672996220335397
31.805769999999999 -0.738946261824373174 -0.148500372650945678 14.8911394417818013 -0.0150164057396886975 -0.0876476513234869109 0.0130670139572056955 0.995952634376946588
