82.1101799999999997 -0.239471302687622428 -0.109049181665610923 11.7131676017811888 -0.00626453001458355304 -0.00669705243013274734 0.00284563238638094662 0.999953902701902653
82.2141799999999989 -0.228993531648739035 -0.0663006183222616396 12.9114799138042802 -0.00609296065550273425 -0.00592735613393194881 -0.000469670739142709652 0.999963760187892459
82.3181799999999981 -0.274188326819074846 -0.064595182110185223 14.1087712189062806 -0.00594779030629137041 -0.00405838056961984901 -0.00201075456668826143 0.999972054711378955
82.4222000000000037 -0.238190081935259867 -0.0373571114195010087 15.3002216619941773 -0.00485059377910857653 -0.00356045864653640499 -0.00555345150637751896 0.999966476463377663
82.5261799999999965 -0.250882317342394801 -0.0464262056813684806 16.4920208550487892 -0.00390526818699156062 -0.00276270736068491779 -0.00670066182555113278 0.999966108155434741
82.6301799999999957 -0.327668060361486657 -0.0866796025952496219 17.6815617120225639 -0.00422462566915188416 -0.00108491371620267926 -0.00665062223560056696 0.999968371861862049
82.7340499999999963 -0.352446592943496451 -0.100274776040583241 18.8742197255214386 -0.00486142714798199361 -2.33763256272155242e-05 -0.00600472898407862325 0.999970154159342872
82.8380700000000019 -0.362290425794738802 -0.117217796169000577 20.0653944352763638 -0.00608632509795363919 0.000696146253302821127 -0.00651575344155174048 0.999960007692450192
82.9420599999999979 -0.332696217062084132 -0.0588298575869470111 21.2508712416790004 -0.00436059931504879841 0.00151802153702792542 -0.0103181637009021228 0.999936106099818867
83.0460499999999939 -0.320573662950522531 -0.0821091716038120506 22.4316137794393349 -0.00366384112900939533 0.00136513679838244097 -0.0100234956079373952 0.999942119427670084
83.1499299999999977 -0.383977399394033969 -0.0656222471742481384 23.6080344721440554 -0.001491488740258053 0.00328027570313029707 -0.00935401309092036108 0.999949757583721843
83.2539600000000064 -0.43131619039475938 -0.0433761711542388975 24.7846537629736297 -0.00162465230849733974 0.00453624339597032654 -0.00995702894951474952 0.999938818416020725
83.3579299999999961 -0.364624284528622555 -0.0365019916644785669 25.959903815386852 -0.00323469910325736507 0.00467316760212807721 -0.011938025098965719 0.999912587070995063
83.4619299999999953 -0.363499225244591662 -0.0694343188424016711 27.1335937907433156 -0.00477353032802628127 0.00479108221686576873 -0.0119062187791980825 0.999906246051988856
83.5659299999999945 -0.33817933055904742 -0.0724127244568179701 28.3005334916251172 -0.00418192071305626811 0.00461065708944810321 -0.0138263283231379007 0.999885036404412841
83.6698099999999982 -0.323317254917466046 -0.0784344614796404077 29.4619503383321337 -0.00350233285538471091 0.00475696827075997031 -0.0147116920937839357 0.999874327619815872
83.773690000000002 -0.265946097535768589 -0.0411461061906164965 30.6191800649899406 -0.00235453673064489871 0.00462443596786821232 -0.0186006233033551328 0.999813526394542129
83.8775600000000026 -0.241619594318628589 -0.0418466157561174223 31.7763446609384133 -0.00234069022689552741 0.00449319349098920452 -0.0192526115043103185 0.99980181502724752
83.9815600000000018 -0.24915914942984177 -0.0443790651342948622 32.9327450867035765 -0.00302357155006836463 0.00543515304486476541 -0.0201353385716581748 0.999777917973319386
84.0855799999999931 -0.212234670101708961 -0.0627138123600331499 34.0844799527207201 -0.00275551110740378117 0.00516192820639755582 -0.0202563924930419942 0.999777695399780786
