3.741588999999999743e+01 -1.223281999999999954e+02 -1.050706000000000001e-01 1.113221999999999952e+02 -2.391506569840267868e-02 -9.043929936468828590e-01 -1.228361913301076469e-02 4.258526686262115724e-01
3.752002999999999844e+01 -1.229703999999999979e+02 -7.535629000000000632e-02 1.107728000000000037e+02 -2.382253467394561397e-02 -9.046456761288829140e-01 -1.360277244982208318e-02 4.252806744782832160e-01
3.762415000000000020e+01 -1.236257999999999981e+02 -4.736640999999999768e-02 1.102134999999999962e+02 -2.382806189694545301e-02 -9.049752514087301414e-01 -1.488314946174783965e-02 4.245356400422001242e-01
3.772814999999999941e+01 -1.242848999999999933e+02 -1.867647999999999878e-02 1.096501999999999981e+02 -2.393026020071077967e-02 -9.052851133156839536e-01 -1.494207132363723801e-02 4.238666544566756511e-01
3.783227999999999724e+01 -1.249561999999999955e+02 1.110994000000000044e-02 1.090798000000000059e+02 -2.384947753447573537e-02 -9.055848644818501603e-01 -1.375125144740214737e-02 4.232707865260144642e-01
3.793627999999999645e+01 -1.256368999999999971e+02 4.221843000000000123e-02 1.085006000000000057e+02 -2.397257354729530332e-02 -9.058297766679337393e-01 -1.289004161017805357e-02 4.227665765484875382e-01
3.804028000000000276e+01 -1.263319999999999936e+02 7.133427000000000517e-02 1.079136000000000024e+02 -2.484996315569366551e-02 -9.060964471879188187e-01 -1.217079488143811387e-02 4.221653461341257074e-01
3.814428000000000196e+01 -1.270371999999999986e+02 9.929116999999999804e-02 1.073178999999999945e+02 -2.597265430276873496e-02 -9.063208660136680139e-01 -1.160585734358105664e-02 4.216316083170513207e-01
3.824828000000000117e+01 -1.277453000000000003e+02 1.250423999999999980e-01 1.067132000000000005e+02 -2.538306779703871502e-02 -9.066762633870176780e-01 -1.050682191692276987e-02 4.209316571285319220e-01
3.835228000000000037e+01 -1.284619000000000142e+02 1.484347000000000028e-01 1.061013999999999982e+02 -2.444997657293444468e-02 -9.070083586733820313e-01 -8.689863750705330292e-03 4.203124102500363501e-01
3.845615000000000094e+01 -1.291860000000000070e+02 1.669410000000000061e-01 1.054823999999999984e+02 -2.288177502276877995e-02 -9.072814415008254585e-01 -7.111048329618250251e-03 4.198407356029729698e-01
3.856015000000000015e+01 -1.299192999999999927e+02 1.835941000000000101e-01 1.048515000000000015e+02 -2.149406985926954200e-02 -9.072678540588438034e-01 -7.367978323368743095e-03 4.199389941976951479e-01
3.866414999999999935e+01 -1.306622999999999877e+02 1.979001999999999983e-01 1.042149000000000001e+02 -2.115580820834901676e-02 -9.072370631567637789e-01 -8.390385738845004479e-03 4.200035052721539652e-01
3.876814999999999856e+01 -1.314131999999999891e+02 2.144697000000000131e-01 1.035743999999999971e+02 -2.142630918188877243e-02 -9.072387567930471075e-01 -9.919589781511419305e-03 4.199527987595932377e-01
3.887203000000000230e+01 -1.321648000000000138e+02 2.318872999999999907e-01 1.029385999999999939e+02 -2.246318025897464307e-02 -9.072361081683012474e-01 -1.088960359900793644e-02 4.198802997304644236e-01
3.897601999999999833e+01 -1.329233999999999867e+02 2.513657999999999726e-01 1.023034999999999997e+02 -2.356646662865021641e-02 -9.072500568300674306e-01 -1.148792819342082418e-02 4.197737289758645129e-01
3.907990000000000208e+01 -1.336799000000000035e+02 2.702986000000000000e-01 1.016680999999999955e+02 -2.406245449084636404e-02 -9.072709368779702244e-01 -1.180396420467217170e-02 4.196916866099452692e-01
3.918392999999999660e+01 -1.344356999999999971e+02 2.900096999999999814e-01 1.010301000000000045e+02 -2.436263104829401033e-02 -9.072684306301974644e-01 -1.189152447715102409e-02 4.196773148930409425e-01
3.928777999999999793e+01 -1.351891999999999996e+02 3.106497999999999760e-01 1.003903999999999996e+02 -2.368894327693209581e-02 -9.073256161971867684e-01 -1.230013990505039213e-02 4.195804651281254127e-01
3.939175000000000182e+01 -1.359464999999999861e+02 3.298424999999999829e-01 9.975106999999999857e+01 -2.386326135531955522e-02 -9.073157064677200845e-01 -1.280858589945006211e-02 4.195768030786802827e-01
