1.868001999999999940e+00 -8.394933999999999452e-01 -5.397789000000000059e-02 2.758284999999999876e+00 4.666637597508567319e-03 -1.867825185306033475e-01 -1.125376481901344330e-02 9.823257433470304889e-01
1.971749999999999892e+00 -9.687590999999999841e-01 -5.101001000000000146e-02 2.950416000000000150e+00 4.855131951236144050e-03 -2.044797062601899640e-01 -1.301836427166572566e-02 9.787721898445894686e-01
2.075498000000000065e+00 -1.103633000000000086e+00 -4.676236000000000281e-02 3.142084999999999795e+00 4.851419899295572949e-03 -2.232320674545996697e-01 -1.359149959939493293e-02 9.746584934855621052e-01
2.179126000000000118e+00 -1.242763999999999980e+00 -4.292676000000000130e-02 3.333105000000000206e+00 5.071521201872764874e-03 -2.430447649101377117e-01 -1.184227004641012597e-02 9.699295245339336624e-01
2.282875000000000210e+00 -1.392474999999999907e+00 -4.238966000000000262e-02 3.523028000000000048e+00 4.857397572458021368e-03 -2.639882009943326224e-01 -9.370073722115778228e-03 9.644681628457422162e-01
2.386503999999999959e+00 -1.564446000000000003e+00 -4.491984999999999728e-02 3.706266999999999978e+00 3.711300231510624315e-03 -2.864075778418976315e-01 -9.902129570340319209e-03 9.580495151271155585e-01
2.490143999999999913e+00 -1.761568000000000023e+00 -4.899413999999999852e-02 3.880703000000000014e+00 2.626541494119481908e-03 -3.103969657239972202e-01 -1.332519662330435353e-02 9.505100020957518714e-01
2.593620000000000037e+00 -1.969360999999999917e+00 -5.141144000000000269e-02 4.049497999999999820e+00 2.516810097056128726e-03 -3.352362869119501765e-01 -1.514860715016353929e-02 9.420089263408465419e-01
2.697328999999999866e+00 -2.187835000000000196e+00 -5.358747999999999984e-02 4.215883999999999965e+00 2.594780947757859262e-03 -3.608586588545400486e-01 -1.550096553532176631e-02 9.324880779447042300e-01
2.800889999999999880e+00 -2.415526999999999980e+00 -5.318918000000000257e-02 4.382391000000000147e+00 1.327120256123905280e-03 -3.871658442818286527e-01 -1.303537350420286810e-02 9.219169847719320687e-01
2.904640999999999806e+00 -2.663145999999999791e+00 -5.287039000000000322e-02 4.540773999999999866e+00 3.028368812972821256e-04 -4.136959860956621604e-01 -1.089629824969127157e-02 9.103498283970919980e-01
3.008248000000000033e+00 -2.929114999999999913e+00 -5.283788999999999847e-02 4.687680000000000291e+00 -1.023957977501846646e-03 -4.396743065226441649e-01 -1.024890447805664427e-02 8.980982216054608225e-01
3.112000999999999795e+00 -3.215511999999999926e+00 -5.138929999999999887e-02 4.824434000000000111e+00 -2.567935234485035911e-03 -4.660033253595122771e-01 -1.011460808936854444e-02 8.847214257412930882e-01
3.215751000000000026e+00 -3.517838999999999938e+00 -4.877551000000000109e-02 4.948178000000000409e+00 -3.592545805156998739e-03 -4.924868353536066001e-01 -9.974613547629329266e-03 8.702553175376770422e-01
3.319373999999999825e+00 -3.836955000000000116e+00 -4.505657999999999885e-02 5.057271000000000072e+00 -4.608356113725596732e-03 -5.184349142493904772e-01 -1.046385215566217330e-02 8.550406484718844347e-01
3.423125999999999891e+00 -4.177130000000000010e+00 -3.878841999999999707e-02 5.153468000000000160e+00 -5.882633157900342934e-03 -5.438941008254899456e-01 -1.098176406737475311e-02 8.390613818859321560e-01
3.526892999999999834e+00 -4.534334999999999560e+00 -3.325067000000000300e-02 5.233793999999999613e+00 -6.638920271792600990e-03 -5.687277710887781446e-01 -1.173377196021552042e-02 8.224153243499305876e-01
3.630647999999999875e+00 -4.911075000000000301e+00 -2.945435000000000067e-02 5.302450999999999581e+00 -8.721484400505151446e-03 -5.924316622165857193e-01 -1.220203572625812652e-02 8.054810808686196921e-01
3.734395000000000131e+00 -5.299329000000000178e+00 -2.697748000000000160e-02 5.360942999999999792e+00 -1.099131817243765782e-02 -6.147255324819139721e-01 -1.189011967145759893e-02 7.885748764029058000e-01
3.838251000000000079e+00 -5.701356999999999786e+00 -2.303082999999999866e-02 5.401693999999999996e+00 -1.196591076380110891e-02 -6.351905367270491709e-01 -1.127103541561180582e-02 7.721805247431819952e-01
