81.5899299999999954 -0.239683421919384687 -0.00549070594921538188 10.9884337573920678 -0.00325814468593256914 -0.0184138440652395138 -0.00245846751536139829 0.999822119567987166
81.6940500000000043 -0.354428292701572611 -0.0501470159210173211 12.1686927638838007 -0.00240692529091976557 -0.0175606668221989747 -0.00101788701828676737 0.999842384377368609
81.7980600000000067 -0.456487548841962631 -0.0579919742091929008 13.3648418165864857 -0.00235921920459828544 -0.0150981206942841142 -0.00163459364539750686 0.99988189749582923
81.9021800000000013 -0.494012709219125656 -0.0596370665039756345 14.5705556952073643 -0.00363012213692358266 -0.014481623033977797 -0.00189799130401591457 0.99988674480492179
82.0061800000000005 -0.489463608230477187 -0.0600566120317597221 15.7815009935122728 -0.00438687942206132751 -0.0143736735779916736 -0.00155272364550759984 0.999885864409578717
82.1101799999999997 -0.491750208961131419 -0.0810934119490558936 16.9858989225238304 -0.00531437040095616032 -0.0146756387760039186 -0.00081420097336731335 0.999877852625275843
82.2141799999999989 -0.500145033824953344 -0.040741630214996688 18.1843107386898701 -0.00511350566040331533 -0.0139033646425693151 -0.00412727073510737921 0.999881750082356469
82.3181799999999981 -0.56448261364149277 -0.041027791542007544 19.3807272803805404 -0.00494927153600276636 -0.0120335151078855042 -0.00566530007101774535 0.999899296729683917
82.4222000000000037 -0.547362592623133803 -0.0163570900235204472 20.5726543779124853 -0.00382199141483983811 -0.0115359897355785199 -0.0091985660392054306 0.999883843106421977
82.5261799999999965 -0.579192186161669786 -0.0276415773334959952 21.7640771388153063 -0.00286465217973510666 -0.0107405291049244775 -0.0103373734580763134 0.999884780118401317
82.6301799999999957 -0.675293492298521425 -0.0696422483822880523 22.9521530283502493 -0.00317834995775612703 -0.00906171817307585559 -0.0102882259853099966 0.999900962976520535
82.7340499999999963 -0.719253809920394005 -0.0853670653314752004 24.1442319528294576 -0.00381646647728774635 -0.00799858581794853259 -0.00964639987933441599 0.999914198407997779
82.8380700000000019 -0.748282058189609689 -0.104544620223012724 25.3350597062542811 -0.00503464662121418539 -0.00727408727529826275 -0.0101664484983426829 0.999909187532868615
82.9420599999999979 -0.737245515855869948 -0.0486671075008758003 26.5209754390895753 -0.00327563533889027418 -0.00645448036205165283 -0.0139540011326445487 0.999876440240879294
83.0460499999999939 -0.744189354978832318 -0.0743192210583336066 27.7017106233812385 -0.00258180621349535103 -0.00661021147388380931 -0.0136539452615781903 0.999881597570302483
83.1499299999999977 -0.826292771651117697 -0.0596523994479824515 28.8769984230331325 -0.000407985605274042344 -0.00470370290447321912 -0.0129652307084405349 0.99990480122830161
83.2539600000000064 -0.892295486063069077 -0.0393429906977079344 30.0527534885933285 -0.000531806012259494103 -0.0034466157473173626 -0.0135679967992348056 0.999901868927702164
83.3579299999999961 -0.844373666145758595 -0.0352259131170494094 31.2289313234452699 -0.00212547695203471566 -0.00330171112785746261 -0.0155615634067676426 0.999871201103267992
83.4619299999999953 -0.862269839715459785 -0.0704376938364804361 32.4024192098992074 -0.00366408407232094889 -0.00317823752700703782 -0.0155419269717365534 0.999867452115598243
83.5659299999999945 -0.855651499693022677 -0.0758580538365095092 33.569606020454323 -0.00305780988920760412 -0.00335870352861019012 -0.0174573328494919723 0.999837291982585752
