67.8621899999999982 0.0937500157143933699 0.00645646085331447878 0.0844106816451615227 0.000385255004018497703 -0.00500694053463918154 0.000966437105716989203 0.999986923976701414
67.9660800000000052 0.179018769636027753 0.010147783371412698 0.168435051554835735 -0.0483957140588908222 -0.629852748823339303 0.0742087734381440128 0.771645273169751067
68.0701899999999966 0.179018769636027753 0.010147783371412698 0.168435051554835735 -0.0483957140588908222 -0.629852748823339303 0.0742087734381440128 0.771645273169751067
68.1739800000000002 0.179018769636027753 0.010147783371412698 0.168435051554835735 -0.0483957140588908222 -0.629852748823339303 0.0742087734381440128 0.771645273169751067
68.2779299999999978 0.179018769636027753 0.010147783371412698 0.168435051554835735 -0.0483957140588908222 -0.629852748823339303 0.0742087734381440128 0.771645273169751067
68.3817999999999984 0.179018769636027753 0.010147783371412698 0.168435051554835735 -0.0483957140588908222 -0.629852748823339303 0.0742087734381440128 0.771645273169751067
68.4859299999999962 0.179018769636027753 0.010147783371412698 0.168435051554835735 -0.0483957140588908222 -0.629852748823339303 0.0742087734381440128 0.771645273169751067
68.5899799999999971 0.179018769636027753 0.010147783371412698 0.168435051554835735 -0.0483957140588908222 -0.629852748823339303 0.0742087734381440128 0.771645273169751067
68.6939699999999931 0.179018769636027753 0.010147783371412698 0.168435051554835735 -0.0483957140588908222 -0.629852748823339303 0.0742087734381440128 0.771645273169751067
68.7979700000000065 0.179018769636027753 0.010147783371412698 0.168435051554835735 -0.0483957140588908222 -0.629852748823339303 0.0742087734381440128 0.771645273169751067
68.9020600000000059 0.179018769636027753 0.010147783371412698 0.168435051554835735 -0.0483957140588908222 -0.629852748823339303 0.0742087734381440128 0.771645273169751067
69.0060399999999987 0.179018769636027753 0.010147783371412698 0.168435051554835735 -0.0483957140588908222 -0.629852748823339303 0.0742087734381440128 0.771645273169751067
69.1108300000000071 0.179018769636027753 0.010147783371412698 0.168435051554835735 -0.0483957140588908222 -0.629852748823339303 0.0742087734381440128 0.771645273169751067
69.2142300000000006 0.179018769636027753 0.010147783371412698 0.168435051554835735 -0.0483957140588908222 -0.629852748823339303 0.0742087734381440128 0.771645273169751067
69.3181900000000013 0.179018769636027753 0.010147783371412698 0.168435051554835735 -0.0483957140588908222 -0.629852748823339303 0.0742087734381440128 0.771645273169751067
69.4223300000000023 0.179018769636027753 0.010147783371412698 0.168435051554835735 -0.0483957140588908222 -0.629852748823339303 0.0742087734381440128 0.771645273169751067
69.5263199999999983 0.179018769636027753 0.010147783371412698 0.168435051554835735 -0.0483957140588908222 -0.629852748823339303 0.0742087734381440128 0.771645273169751067
69.6303199999999975 0.179018769636027753 0.010147783371412698 0.168435051554835735 -0.0483957140588908222 -0.629852748823339303 0.0742087734381440128 0.771645273169751067
69.7343299999999999 0.179018769636027753 0.010147783371412698 0.168435051554835735 -0.0483957140588908222 -0.629852748823339303 0.0742087734381440128 0.771645273169751067
69.8384300000000025 0.179018769636027753 0.010147783371412698 0.168435051554835735 -0.0483957140588908222 -0.629852748823339303 0.0742087734381440128 0.771645273169751067
69.9433099999999968 0.179018769636027753 0.010147783371412698 0.168435051554835735 -0.0483957140588908222 -0.629852748823339303 0.0742087734381440128 0.771645273169751067
70.0472500000000053 0.179018769636027753 0.010147783371412698 0.168435051554835735 -0.0483957140588908222 -0.629852748823339303 0.0742087734381440128 0.771645273169751067
70.150509999999997 0.179018769636027753 0.010147783371412698 0.168435051554835735 -0.0483957140588908222 -0.629852748823339303 0.0742087734381440128 0.771645273169751067
70.2544500000000056 0.179018769636027753 0.010147783371412698 0.168435051554835735 -0.0483957140588908222 -0.629852748823339303 0.0742087734381440128 0.771645273169751067
70.3584400000000016 0.179018769636027753 0.010147783371412698 0.168435051554835735 -0.0483957140588908222 -0.629852748823339303 0.0742087734381440128 0.771645273169751067
70.462450000000004 0.179018769636027753 0.010147783371412698 0.168435051554835735 -0.0483957140588908222 -0.629852748823339303 0.0742087734381440128 0.771645273169751067
70.5664500000000032 0.179018769636027753 0.010147783371412698 0.168435051554835735 -0.0483957140588908222 -0.629852748823339303 0.0742087734381440128 0.771645273169751067
70.6706400000000059 0.179018769636027753 0.010147783371412698 0.168435051554835735 -0.0483957140588908222 -0.629852748823339303 0.0742087734381440128 0.771645273169751067
70.7745400000000018 0.179018769636027753 0.010147783371412698 0.168435051554835735 -0.0483957140588908222 -0.629852748823339303 0.0742087734381440128 0.771645273169751067
70.8785500000000042 0.179018769636027753 0.010147783371412698 0.168435051554835735 -0.0483957140588908222 -0.629852748823339303 0.0742087734381440128 0.771645273169751067
70.9825400000000002 0.179018769636027753 0.010147783371412698 0.168435051554835735 -0.0483957140588908222 -0.629852748823339303 0.0742087734381440128 0.771645273169751067
71.0866800000000012 0.179018769636027753 0.010147783371412698 0.168435051554835735 -0.0483957140588908222 -0.629852748823339303 0.0742087734381440128 0.771645273169751067
71.1906800000000004 0.179018769636027753 0.010147783371412698 0.168435051554835735 -0.0483957140588908222 -0.629852748823339303 0.0742087734381440128 0.771645273169751067
71.2946699999999964 0.179018769636027753 0.010147783371412698 0.168435051554835735 -0.0483957140588908222 -0.629852748823339303 0.0742087734381440128 0.771645273169751067
71.3987900000000053 0.179018769636027753 0.010147783371412698 0.168435051554835735 -0.0483957140588908222 -0.629852748823339303 0.0742087734381440128 0.771645273169751067
71.5030100000000033 0.179018769636027753 0.010147783371412698 0.168435051554835735 -0.0483957140588908222 -0.629852748823339303 0.0742087734381440128 0.771645273169751067
71.6069200000000023 0.179018769636027753 0.010147783371412698 0.168435051554835735 -0.0483957140588908222 -0.629852748823339303 0.0742087734381440128 0.771645273169751067
71.7109899999999953 0.179018769636027753 0.010147783371412698 0.168435051554835735 -0.0483957140588908222 -0.629852748823339303 0.0742087734381440128 0.771645273169751067
71.8177199999999942 0.179018769636027753 0.010147783371412698 0.168435051554835735 -0.0483957140588908222 -0.629852748823339303 0.0742087734381440128 0.771645273169751067
71.9189599999999984 0.179018769636027753 0.010147783371412698 0.168435051554835735 -0.0483957140588908222 -0.629852748823339303 0.0742087734381440128 0.771645273169751067
72.0230799999999931 0.179018769636027753 0.010147783371412698 0.168435051554835735 -0.0483957140588908222 -0.629852748823339303 0.0742087734381440128 0.771645273169751067
72.127049999999997 0.179018769636027753 0.010147783371412698 0.168435051554835735 -0.0483957140588908222 -0.629852748823339303 0.0742087734381440128 0.771645273169751067
72.231970000000004 0.179018769636027753 0.010147783371412698 0.168435051554835735 -0.0483957140588908222 -0.629852748823339303 0.0742087734381440128 0.771645273169751067
72.3351200000000034 0.179018769636027753 0.010147783371412698 0.168435051554835735 -0.0483957140588908222 -0.629852748823339303 0.0742087734381440128 0.771645273169751067
72.4391999999999996 0.179018769636027753 0.010147783371412698 0.168435051554835735 -0.0483957140588908222 -0.629852748823339303 0.0742087734381440128 0.771645273169751067
72.5431899999999956 0.179018769636027753 0.010147783371412698 0.168435051554835735 -0.0483957140588908222 -0.629852748823339303 0.0742087734381440128 0.771645273169751067
72.647199999999998 0.179018769636027753 0.010147783371412698 0.168435051554835735 -0.0483957140588908222 -0.629852748823339303 0.0742087734381440128 0.771645273169751067
72.7511999999999972 0.179018769636027753 0.010147783371412698 0.168435051554835735 -0.0483957140588908222 -0.629852748823339303 0.0742087734381440128 0.771645273169751067
72.8551800000000043 0.179018769636027753 0.010147783371412698 0.168435051554835735 -0.0483957140588908222 -0.629852748823339303 0.0742087734381440128 0.771645273169751067
72.9592099999999988 0.179018769636027753 0.010147783371412698 0.168435051554835735 -0.0483957140588908222 -0.629852748823339303 0.0742087734381440128 0.771645273169751067
73.0632999999999981 0.179018769636027753 0.010147783371412698 0.168435051554835735 -0.0483957140588908222 -0.629852748823339303 0.0742087734381440128 0.771645273169751067
73.1674600000000055 0.179018769636027753 0.010147783371412698 0.168435051554835735 -0.0483957140588908222 -0.629852748823339303 0.0742087734381440128 0.771645273169751067
73.2717300000000051 0.179018769636027753 0.010147783371412698 0.168435051554835735 -0.0483957140588908222 -0.629852748823339303 0.0742087734381440128 0.771645273169751067
73.3753099999999989 0.179018769636027753 0.010147783371412698 0.168435051554835735 -0.0483957140588908222 -0.629852748823339303 0.0742087734381440128 0.771645273169751067
73.4794399999999968 0.179018769636027753 0.010147783371412698 0.168435051554835735 -0.0483957140588908222 -0.629852748823339303 0.0742087734381440128 0.771645273169751067
73.5834600000000023 0.179018769636027753 0.010147783371412698 0.168435051554835735 -0.0483957140588908222 -0.629852748823339303 0.0742087734381440128 0.771645273169751067
73.6876000000000033 0.179018769636027753 0.010147783371412698 0.168435051554835735 -0.0483957140588908222 -0.629852748823339303 0.0742087734381440128 0.771645273169751067
73.791560000000004 0.179018769636027753 0.010147783371412698 0.168435051554835735 -0.0483957140588908222 -0.629852748823339303 0.0742087734381440128 0.771645273169751067
73.8956600000000066 0.179018769636027753 0.010147783371412698 0.168435051554835735 -0.0483957140588908222 -0.629852748823339303 0.0742087734381440128 0.771645273169751067
73.9995600000000024 0.179018769636027753 0.010147783371412698 0.168435051554835735 -0.0483957140588908222 -0.629852748823339303 0.0742087734381440128 0.771645273169751067
74.1036799999999971 0.179018769636027753 0.010147783371412698 0.168435051554835735 -0.0483957140588908222 -0.629852748823339303 0.0742087734381440128 0.771645273169751067
74.2077000000000027 0.179018769636027753 0.010147783371412698 0.168435051554835735 -0.0483957140588908222 -0.629852748823339303 0.0742087734381440128 0.771645273169751067
74.311710000000005 0.179018769636027753 0.010147783371412698 0.168435051554835735 -0.0483957140588908222 -0.629852748823339303 0.0742087734381440128 0.771645273169751067
74.4156799999999947 0.179018769636027753 0.010147783371412698 0.168435051554835735 -0.0483957140588908222 -0.629852748823339303 0.0742087734381440128 0.771645273169751067
74.5198000000000036 0.179018769636027753 0.010147783371412698 0.168435051554835735 -0.0483957140588908222 -0.629852748823339303 0.0742087734381440128 0.771645273169751067
74.6238900000000029 0.179018769636027753 0.010147783371412698 0.168435051554835735 -0.0483957140588908222 -0.629852748823339303 0.0742087734381440128 0.771645273169751067
74.7278400000000005 0.179018769636027753 0.010147783371412698 0.168435051554835735 -0.0483957140588908222 -0.629852748823339303 0.0742087734381440128 0.771645273169751067
74.8318500000000029 0.179018769636027753 0.010147783371412698 0.168435051554835735 -0.0483957140588908222 -0.629852748823339303 0.0742087734381440128 0.771645273169751067
74.9358500000000021 0.179018769636027753 0.010147783371412698 0.168435051554835735 -0.0483957140588908222 -0.629852748823339303 0.0742087734381440128 0.771645273169751067
75.0398500000000013 0.179018769636027753 0.010147783371412698 0.168435051554835735 -0.0483957140588908222 -0.629852748823339303 0.0742087734381440128 0.771645273169751067
75.143810000000002 0.179018769636027753 0.010147783371412698 0.168435051554835735 -0.0483957140588908222 -0.629852748823339303 0.0742087734381440128 0.771645273169751067
75.2478100000000012 0.179018769636027753 0.010147783371412698 0.168435051554835735 -0.0483957140588908222 -0.629852748823339303 0.0742087734381440128 0.771645273169751067
75.3517099999999971 0.179018769636027753 0.010147783371412698 0.168435051554835735 -0.0483957140588908222 -0.629852748823339303 0.0742087734381440128 0.771645273169751067
75.4557300000000026 0.179018769636027753 0.010147783371412698 0.168435051554835735 -0.0483957140588908222 -0.629852748823339303 0.0742087734381440128 0.771645273169751067
75.55959 0.179018769636027753 0.010147783371412698 0.168435051554835735 -0.0483957140588908222 -0.629852748823339303 0.0742087734381440128 0.771645273169751067
75.6635700000000071 0.179018769636027753 0.010147783371412698 0.168435051554835735 -0.0483957140588908222 -0.629852748823339303 0.0742087734381440128 0.771645273169751067
75.7674800000000062 0.179018769636027753 0.010147783371412698 0.168435051554835735 -0.0483957140588908222 -0.629852748823339303 0.0742087734381440128 0.771645273169751067
75.8713599999999957 0.179018769636027753 0.010147783371412698 0.168435051554835735 -0.0483957140588908222 -0.629852748823339303 0.0742087734381440128 0.771645273169751067
75.9751799999999946 0.179018769636027753 0.010147783371412698 0.168435051554835735 -0.0483957140588908222 -0.629852748823339303 0.0742087734381440128 0.771645273169751067
76.0790999999999968 0.179018769636027753 0.010147783371412698 0.168435051554835735 -0.0483957140588908222 -0.629852748823339303 0.0742087734381440128 0.771645273169751067
76.1829500000000053 0.179018769636027753 0.010147783371412698 0.168435051554835735 -0.0483957140588908222 -0.629852748823339303 0.0742087734381440128 0.771645273169751067
