74.2077000000000027 0.179018769636027753 0.010147783371412698 0.168435051554835735 -0.0483957140588908222 -0.629852748823339303 0.0742087734381440128 0.771645273169751067
74.311710000000005 0.179018769636027753 0.010147783371412698 0.168435051554835735 -0.0483957140588908222 -0.629852748823339303 0.0742087734381440128 0.771645273169751067
74.4156799999999947 0.179018769636027753 0.010147783371412698 0.168435051554835735 -0.0483957140588908222 -0.629852748823339303 0.0742087734381440128 0.771645273169751067
74.5198000000000036 0.179018769636027753 0.010147783371412698 0.168435051554835735 -0.0483957140588908222 -0.629852748823339303 0.0742087734381440128 0.771645273169751067
74.6238900000000029 0.179018769636027753 0.010147783371412698 0.168435051554835735 -0.0483957140588908222 -0.629852748823339303 0.0742087734381440128 0.771645273169751067
74.7278400000000005 0.179018769636027753 0.010147783371412698 0.168435051554835735 -0.0483957140588908222 -0.629852748823339303 0.0742087734381440128 0.771645273169751067
74.8318500000000029 0.179018769636027753 0.010147783371412698 0.168435051554835735 -0.0483957140588908222 -0.629852748823339303 0.0742087734381440128 0.771645273169751067
74.9358500000000021 0.179018769636027753 0.010147783371412698 0.168435051554835735 -0.0483957140588908222 -0.629852748823339303 0.0742087734381440128 0.771645273169751067
75.0398500000000013 0.179018769636027753 0.010147783371412698 0.168435051554835735 -0.0483957140588908222 -0.629852748823339303 0.0742087734381440128 0.771645273169751067
75.143810000000002 0.179018769636027753 0.010147783371412698 0.168435051554835735 -0.0483957140588908222 -0.629852748823339303 0.0742087734381440128 0.771645273169751067
75.2478100000000012 0.179018769636027753 0.010147783371412698 0.168435051554835735 -0.0483957140588908222 -0.629852748823339303 0.0742087734381440128 0.771645273169751067
75.3517099999999971 0.179018769636027753 0.010147783371412698 0.168435051554835735 -0.0483957140588908222 -0.629852748823339303 0.0742087734381440128 0.771645273169751067
75.4557300000000026 0.179018769636027753 0.010147783371412698 0.168435051554835735 -0.0483957140588908222 -0.629852748823339303 0.0742087734381440128 0.771645273169751067
75.55959 0.179018769636027753 0.010147783371412698 0.168435051554835735 -0.0483957140588908222 -0.629852748823339303 0.0742087734381440128 0.771645273169751067
75.6635700000000071 0.179018769636027753 0.010147783371412698 0.168435051554835735 -0.0483957140588908222 -0.629852748823339303 0.0742087734381440128 0.771645273169751067
75.7674800000000062 0.179018769636027753 0.010147783371412698 0.168435051554835735 -0.0483957140588908222 -0.629852748823339303 0.0742087734381440128 0.771645273169751067
75.8713599999999957 0.179018769636027753 0.010147783371412698 0.168435051554835735 -0.0483957140588908222 -0.629852748823339303 0.0742087734381440128 0.771645273169751067
75.9751799999999946 0.179018769636027753 0.010147783371412698 0.168435051554835735 -0.0483957140588908222 -0.629852748823339303 0.0742087734381440128 0.771645273169751067
76.0790999999999968 0.179018769636027753 0.010147783371412698 0.168435051554835735 -0.0483957140588908222 -0.629852748823339303 0.0742087734381440128 0.771645273169751067
76.1829500000000053 0.179018769636027753 0.010147783371412698 0.168435051554835735 -0.0483957140588908222 -0.629852748823339303 0.0742087734381440128 0.771645273169751067
